25.053800 23.882800 -0.103200
26.018400 20.644100 -0.103200
19.989000 20.644100 -1.000000
25.053800 23.882800 -0.103200
22.516000 26.108500 -0.103200
25.053900 23.882800 -0.103200
19.989000 20.644100 -1.000000
22.516000 26.108500 -0.103200
19.120900 26.573200 -0.103200
22.516000 26.108500 -0.103200
19.989000 20.644100 -1.000000
19.120900 26.573200 -0.103200
16.029600 25.185200 -0.103200
19.120900 26.573200 -0.103200
19.989000 20.644100 -1.000000
16.029600 25.185200 -0.103200
14.211600 22.326800 -0.103200
16.029700 25.185300 -0.103200
19.989000 20.644100 -1.000000
14.211600 22.326800 -0.103200
14.211600 18.961200 -0.103200
14.211700 22.326800 -0.103200
19.989000 20.644100 -1.000000
14.211600 18.961200 -0.103200
16.029600 16.102700 -0.103200
14.211700 18.961300 -0.103200
19.989000 20.644100 -1.000000
16.029600 16.102700 -0.103200
19.989000 20.644100 -1.000000
19.988900 20.644000 -1.000000
19.120900 14.714900 -0.103200
19.989000 20.644100 -1.000000
19.120900 14.714900 -0.103200
16.029700 16.102800 -0.103200
19.989000 20.644100 -1.000000
19.120900 14.714900 -0.103200
19.988900 20.644000 -1.000000
19.989000 20.644100 -1.000000
22.516000 15.179600 -0.103200
19.988900 20.644000 -1.000000
22.516000 15.179500 -0.103200
19.120900 14.714900 -0.103200
19.988900 20.644000 -1.000000
22.516000 15.179500 -0.103200
19.989000 20.644100 -1.000000
19.988900 20.644000 -1.000000
25.053900 17.405300 -0.103200
19.989000 20.644100 -1.000000
25.053800 17.405200 -0.103200
22.516000 15.179600 -0.103200
19.989000 20.644100 -1.000000
25.053800 17.405200 -0.103200
19.988900 20.644000 -1.000000
19.989000 20.644100 -1.000000
26.018400 20.644100 -0.103200
19.988900 20.644000 -1.000000
26.018300 20.644100 -0.103200
25.053900 17.405300 -0.103200
19.988900 20.644000 -1.000000
26.018300 20.644100 -0.103200
26.018400 20.644100 -0.103200
25.053900 23.882800 -0.103200
29.444500 26.715400 2.380900
26.018400 20.644100 -0.103200
29.444400 26.715400 2.380900
31.257500 20.644100 2.380900
26.018300 20.644100 -0.103200
29.444400 26.715400 2.380900
25.053900 23.882800 -0.103200
22.516000 26.108500 -0.103200
24.697100 30.887600 2.380900
25.053900 23.882800 -0.103200
24.697000 30.887500 2.380900
29.444500 26.715400 2.380900
25.053800 23.882800 -0.103200
24.697000 30.887500 2.380900
22.516000 26.108500 -0.103200
19.120900 26.573200 -0.103200
18.372500 31.758700 2.380900
22.516000 26.108500 -0.103200
18.372400 31.758700 2.380900
24.697100 30.887600 2.380900
22.516000 26.108500 -0.103200
18.372400 31.758700 2.380900
19.120900 26.573200 -0.103200
16.029700 25.185300 -0.103200
12.605400 29.157100 2.380900
19.120900 26.573200 -0.103200
12.605400 29.157100 2.380900
18.372500 31.758700 2.380900
19.120900 26.573200 -0.103200
12.605400 29.157100 2.380900
16.029700 25.185300 -0.103200
14.211700 22.326800 -0.103200
9.195200 23.798500 2.380900
16.029700 25.185300 -0.103200
9.195100 23.798400 2.380900
12.605400 29.157100 2.380900
16.029600 25.185200 -0.103200
9.195100 23.798400 2.380900
14.211700 22.326800 -0.103200
14.211700 18.961300 -0.103200
9.195200 17.489600 2.380900
14.211700 22.326800 -0.103200
9.195100 17.489600 2.380900
9.195200 23.798500 2.380900
14.211600 22.326800 -0.103200
9.195100 17.489600 2.380900
14.211700 18.961300 -0.103200
16.029700 16.102800 -0.103200
12.605400 12.131000 2.380900
14.211700 18.961300 -0.103200
12.605400 12.131000 2.380900
9.195200 17.489600 2.380900
14.211600 18.961200 -0.103200
12.605400 12.131000 2.380900
16.029700 16.102800 -0.103200
19.120900 14.714900 -0.103200
18.372500 9.529400 2.380900
16.029700 16.102800 -0.103200
18.372400 9.529300 2.380900
12.605400 12.131000 2.380900
16.029600 16.102700 -0.103200
18.372400 9.529300 2.380900
19.120900 14.714900 -0.103200
22.516000 15.179600 -0.103200
24.697100 10.400500 2.380900
19.120900 14.714900 -0.103200
24.697000 10.400500 2.380900
18.372500 9.529400 2.380900
19.120900 14.714900 -0.103200
24.697000 10.400500 2.380900
22.516000 15.179600 -0.103200
25.053900 17.405300 -0.103200
29.444500 14.572700 2.380900
22.516000 15.179600 -0.103200
29.444400 14.572700 2.380900
24.697100 10.400500 2.380900
22.516000 15.179500 -0.103200
29.444400 14.572700 2.380900
25.053900 17.405300 -0.103200
26.018400 20.644100 -0.103200
31.257500 20.644100 2.380900
25.053900 17.405300 -0.103200
31.257500 20.644100 2.380900
29.444500 14.572700 2.380900
25.053800 17.405200 -0.103200
31.257500 20.644100 2.380900
31.257500 20.644100 2.380900
29.444500 26.715400 2.380900
32.956300 28.995800 6.143000
31.257500 20.644100 2.380900
32.956300 28.995700 6.142900
35.455400 20.644100 6.143000
31.257500 20.644100 2.380900
32.956300 28.995700 6.142900
29.444500 26.715400 2.380900
24.697100 30.887600 2.380900
26.435900 34.735200 6.143000
29.444500 26.715400 2.380900
26.435800 34.735200 6.142900
32.956300 28.995800 6.143000
29.444400 26.715400 2.380900
26.435800 34.735200 6.142900
24.697100 30.887600 2.380900
18.372500 31.758700 2.380900
17.776300 35.933500 6.143000
24.697100 30.887600 2.380900
17.776300 35.933400 6.142900
26.435900 34.735200 6.143000
24.697000 30.887500 2.380900
17.776300 35.933400 6.142900
18.372500 31.758700 2.380900
12.605400 29.157100 2.380900
9.871100 32.354700 6.143000
18.372500 31.758700 2.380900
9.871000 32.354700 6.142900
17.776300 35.933500 6.143000
18.372400 31.758700 2.380900
9.871000 32.354700 6.142900
12.605400 29.157100 2.380900
9.195200 23.798500 2.380900
5.177800 24.983300 6.143000
12.605400 29.157100 2.380900
5.177800 24.983200 6.142900
9.871100 32.354700 6.143000
12.605400 29.157100 2.380900
5.177800 24.983200 6.142900
9.195200 23.798500 2.380900
9.195200 17.489600 2.380900
5.177800 16.304700 6.143000
9.195200 23.798500 2.380900
5.177800 16.304600 6.142900
5.177800 24.983300 6.143000
9.195100 23.798400 2.380900
5.177800 16.304600 6.142900
9.195200 17.489600 2.380900
12.605400 12.131000 2.380900
9.871100 8.933400 6.143000
9.195200 17.489600 2.380900
9.871000 8.933300 6.142900
5.177800 16.304700 6.143000
9.195100 17.489600 2.380900
9.871000 8.933300 6.142900
12.605400 12.131000 2.380900
18.372500 9.529400 2.380900
17.776300 5.354600 6.143000
12.605400 12.131000 2.380900
17.776300 5.354500 6.142900
9.871100 8.933400 6.143000
12.605400 12.131000 2.380900
17.776300 5.354500 6.142900
18.372500 9.529400 2.380900
24.697100 10.400500 2.380900
26.435900 6.552900 6.143000
18.372500 9.529400 2.380900
26.435800 6.552800 6.142900
17.776300 5.354600 6.143000
18.372400 9.529300 2.380900
26.435800 6.552800 6.142900
24.697100 10.400500 2.380900
29.444500 14.572700 2.380900
32.956300 12.292300 6.143000
24.697100 10.400500 2.380900
32.956300 12.292300 6.142900
26.435900 6.552900 6.143000
24.697000 10.400500 2.380900
32.956300 12.292300 6.142900
29.444500 14.572700 2.380900
31.257500 20.644100 2.380900
35.455400 20.644100 6.143000
29.444500 14.572700 2.380900
35.455400 20.644100 6.142900
32.956300 12.292300 6.143000
29.444400 14.572700 2.380900
35.455400 20.644100 6.142900
35.455400 20.644100 6.143000
32.956300 28.995800 6.143000
35.385800 30.579200 10.873100
35.455400 20.644100 6.143000
35.385700 30.579100 10.873100
38.362400 20.644100 10.873100
35.455400 20.644100 6.142900
35.385700 30.579100 10.873100
32.956300 28.995800 6.143000
26.435900 34.735200 6.143000
27.636800 37.406600 10.873100
32.956300 28.995800 6.143000
27.636800 37.406500 10.873100
35.385800 30.579200 10.873100
32.956300 28.995700 6.142900
27.636800 37.406500 10.873100
26.435900 34.735200 6.143000
17.776300 35.933500 6.143000
17.364700 38.832100 10.873100
26.435900 34.735200 6.143000
17.364700 38.832100 10.873100
27.636800 37.406600 10.873100
26.435800 34.735200 6.142900
17.364700 38.832100 10.873100
17.776300 35.933500 6.143000
9.871100 32.354700 6.143000
7.981200 34.574800 10.873100
17.776300 35.933500 6.143000
7.981100 34.574800 10.873100
17.364700 38.832100 10.873100
17.776300 35.933400 6.142900
7.981100 34.574800 10.873100
9.871100 32.354700 6.143000
5.177800 24.983300 6.143000
2.396500 25.806000 10.873100
9.871100 32.354700 6.143000
2.396500 25.805900 10.873100
7.981200 34.574800 10.873100
9.871000 32.354700 6.142900
2.396500 25.805900 10.873100
5.177800 24.983300 6.143000
5.177800 16.304700 6.143000
2.396500 15.482100 10.873100
5.177800 24.983300 6.143000
2.396500 15.482100 10.873100
2.396500 25.806000 10.873100
5.177800 24.983200 6.142900
2.396500 15.482100 10.873100
5.177800 16.304700 6.143000
9.871100 8.933400 6.143000
7.981200 6.713200 10.873100
5.177800 16.304700 6.143000
7.981100 6.713100 10.873100
2.396500 15.482100 10.873100
5.177800 16.304600 6.142900
7.981100 6.713100 10.873100
9.871100 8.933400 6.143000
17.776300 5.354600 6.143000
17.364700 2.456000 10.873100
9.871100 8.933400 6.143000
17.364700 2.456000 10.873100
7.981200 6.713200 10.873100
9.871000 8.933300 6.142900
17.364700 2.456000 10.873100
17.776300 5.354600 6.143000
26.435900 6.552900 6.143000
27.636800 3.881500 10.873100
17.776300 5.354600 6.143000
27.636800 3.881500 10.873100
17.364700 2.456000 10.873100
17.776300 5.354500 6.142900
27.636800 3.881500 10.873100
26.435900 6.552900 6.143000
32.956300 12.292300 6.143000
35.385800 10.708900 10.873100
26.435900 6.552900 6.143000
35.385700 10.708900 10.873100
27.636800 3.881500 10.873100
26.435800 6.552800 6.142900
35.385700 10.708900 10.873100
32.956300 12.292300 6.143000
35.455400 20.644100 6.143000
38.362400 20.644100 10.873100
32.956300 12.292300 6.143000
38.362300 20.644100 10.873100
35.385800 10.708900 10.873100
32.956300 12.292300 6.142900
38.362300 20.644100 10.873100
38.362400 20.644100 10.873100
35.385800 30.579200 10.873100
36.605600 31.374500 16.221700
38.362400 20.644100 10.873100
36.605600 31.374500 16.221700
39.822100 20.644100 16.221700
38.362300 20.644100 10.873100
36.605600 31.374500 16.221700
35.385800 30.579200 10.873100
27.636800 37.406600 10.873100
28.239500 38.748400 16.221700
35.385800 30.579200 10.873100
28.239400 38.748400 16.221700
36.605600 31.374500 16.221700
35.385700 30.579100 10.873100
28.239400 38.748400 16.221700
27.636800 37.406600 10.873100
17.364700 38.832100 10.873100
17.158100 40.288000 16.221700
27.636800 37.406600 10.873100
17.158100 40.287900 16.221700
28.239500 38.748400 16.221700
27.636800 37.406500 10.873100
17.158100 40.287900 16.221700
17.364700 38.832100 10.873100
7.981200 34.574800 10.873100
7.032400 35.690000 16.221700
17.364700 38.832100 10.873100
7.032300 35.689900 16.221700
17.158100 40.288000 16.221700
17.364700 38.832100 10.873100
7.032300 35.689900 16.221700
7.981200 34.574800 10.873100
2.396500 25.806000 10.873100
1.000000 26.219200 16.221700
7.981200 34.574800 10.873100
1.000000 26.219100 16.221700
7.032400 35.690000 16.221700
7.981100 34.574800 10.873100
1.000000 26.219100 16.221700
2.396500 25.806000 10.873100
2.396500 15.482100 10.873100
1.000000 15.068900 16.221700
2.396500 25.806000 10.873100
1.000000 15.068900 16.221700
1.000000 26.219200 16.221700
2.396500 25.805900 10.873100
1.000000 15.068900 16.221700
2.396500 15.482100 10.873100
7.981200 6.713200 10.873100
7.032400 5.598100 16.221700
2.396500 15.482100 10.873100
7.032300 5.598000 16.221700
1.000000 15.068900 16.221700
2.396500 15.482100 10.873100
7.032300 5.598000 16.221700
7.981200 6.713200 10.873100
17.364700 2.456000 10.873100
17.158100 1.000100 16.221700
7.981200 6.713200 10.873100
17.158100 1.000000 16.221700
7.032400 5.598100 16.221700
7.981100 6.713100 10.873100
17.158100 1.000000 16.221700
17.364700 2.456000 10.873100
27.636800 3.881500 10.873100
28.239500 2.539700 16.221700
17.364700 2.456000 10.873100
28.239400 2.539600 16.221700
17.158100 1.000100 16.221700
17.364700 2.456000 10.873100
28.239400 2.539600 16.221700
27.636800 3.881500 10.873100
35.385800 10.708900 10.873100
36.605600 9.913600 16.221700
27.636800 3.881500 10.873100
36.605600 9.913600 16.221700
28.239500 2.539700 16.221700
27.636800 3.881500 10.873100
36.605600 9.913600 16.221700
35.385800 10.708900 10.873100
38.362400 20.644100 10.873100
39.822100 20.644100 16.221700
35.385800 10.708900 10.873100
39.822000 20.644100 16.221700
36.605600 9.913600 16.221700
35.385700 10.708900 10.873100
39.822000 20.644100 16.221700
39.822100 20.644100 16.221700
36.605600 31.374500 16.221700
36.605600 31.374500 21.778200
39.822100 20.644100 16.221700
36.605600 31.374500 21.778200
39.822100 20.644000 21.778200
39.822000 20.644100 16.221700
36.605600 31.374500 21.778200
36.605600 31.374500 16.221700
28.239500 38.748400 16.221700
28.239500 38.748400 21.778200
36.605600 31.374500 16.221700
28.239400 38.748400 21.778200
36.605600 31.374500 21.778200
36.605600 31.374500 16.221700
28.239400 38.748400 21.778200
28.239500 38.748400 16.221700
17.158100 40.288000 16.221700
17.158100 40.288000 21.778200
28.239500 38.748400 16.221700
17.158100 40.287900 21.778200
28.239500 38.748400 21.778200
28.239400 38.748400 16.221700
17.158100 40.287900 21.778200
17.158100 40.288000 16.221700
7.032400 35.690000 16.221700
7.032400 35.690000 21.778200
17.158100 40.288000 16.221700
7.032300 35.689900 21.778200
17.158100 40.288000 21.778200
17.158100 40.287900 16.221700
7.032300 35.689900 21.778200
7.032400 35.690000 16.221700
1.000000 26.219200 16.221700
1.000000 26.219200 21.778200
7.032400 35.690000 16.221700
1.000000 26.219100 21.778200
7.032400 35.690000 21.778200
7.032300 35.689900 16.221700
1.000000 26.219100 21.778200
1.000000 26.219200 16.221700
1.000000 15.068900 16.221700
1.000000 15.068900 21.778200
1.000000 26.219200 16.221700
1.000000 15.068900 21.778200
1.000000 26.219200 21.778200
1.000000 26.219100 16.221700
1.000000 15.068900 21.778200
1.000000 15.068900 16.221700
7.032400 5.598100 16.221700
7.032400 5.598100 21.778200
1.000000 15.068900 16.221700
7.032300 5.598000 21.778200
1.000000 15.068900 21.778200
1.000000 15.068900 16.221700
7.032300 5.598000 21.778200
7.032400 5.598100 16.221700
17.158100 1.000100 16.221700
17.158100 1.000100 21.778200
7.032400 5.598100 16.221700
17.158100 1.000000 21.778200
7.032400 5.598100 21.778200
7.032300 5.598000 16.221700
17.158100 1.000000 21.778200
17.158100 1.000100 16.221700
28.239500 2.539700 16.221700
28.239500 2.539700 21.778200
17.158100 1.000100 16.221700
28.239400 2.539600 21.778200
17.158100 1.000100 21.778200
17.158100 1.000000 16.221700
28.239400 2.539600 21.778200
28.239500 2.539700 16.221700
36.605600 9.913600 16.221700
36.605600 9.913600 21.778200
28.239500 2.539700 16.221700
36.605600 9.913600 21.778200
28.239500 2.539700 21.778200
28.239400 2.539600 16.221700
36.605600 9.913600 21.778200
36.605600 9.913600 16.221700
39.822100 20.644100 16.221700
39.822100 20.644000 21.778200
36.605600 9.913600 16.221700
39.822000 20.644000 21.778200
36.605600 9.913600 21.778200
36.605600 9.913600 16.221700
39.822000 20.644000 21.778200
39.822100 20.644000 21.778200
36.605600 31.374500 21.778200
35.385800 30.579200 27.126800
39.822100 20.644000 21.778200
35.385700 30.579100 27.126800
38.362400 20.644000 27.126800
39.822000 20.644000 21.778200
35.385700 30.579100 27.126800
36.605600 31.374500 21.778200
28.239500 38.748400 21.778200
27.636700 37.406600 27.126800
36.605600 31.374500 21.778200
27.636700 37.406500 27.126800
35.385800 30.579200 27.126800
36.605600 31.374500 21.778200
27.636700 37.406500 27.126800
28.239500 38.748400 21.778200
17.158100 40.288000 21.778200
17.364700 38.832100 27.126800
28.239500 38.748400 21.778200
17.364700 38.832100 27.126800
27.636700 37.406600 27.126800
28.239400 38.748400 21.778200
17.364700 38.832100 27.126800
17.158100 40.288000 21.778200
7.032400 35.690000 21.778200
7.981200 34.574900 27.126800
17.158100 40.288000 21.778200
7.981100 34.574900 27.126800
17.364700 38.832100 27.126800
17.158100 40.287900 21.778200
7.981100 34.574900 27.126800
7.032400 35.690000 21.778200
1.000000 26.219200 21.778200
2.396500 25.806000 27.126800
7.032400 35.690000 21.778200
2.396500 25.805900 27.126800
7.981200 34.574900 27.126800
7.032300 35.689900 21.778200
2.396500 25.805900 27.126800
1.000000 26.219200 21.778200
1.000000 15.068900 21.778200
2.396500 15.482100 27.126800
1.000000 26.219200 21.778200
2.396500 15.482100 27.126800
2.396500 25.806000 27.126800
1.000000 26.219100 21.778200
2.396500 15.482100 27.126800
1.000000 15.068900 21.778200
7.032400 5.598100 21.778200
7.981200 6.713200 27.126800
1.000000 15.068900 21.778200
7.981100 6.713100 27.126800
2.396500 15.482100 27.126800
1.000000 15.068900 21.778200
7.981100 6.713100 27.126800
7.032400 5.598100 21.778200
17.158100 1.000100 21.778200
17.364700 2.456000 27.126800
7.032400 5.598100 21.778200
17.364700 2.456000 27.126800
7.981200 6.713200 27.126800
7.032300 5.598000 21.778200
17.364700 2.456000 27.126800
17.158100 1.000100 21.778200
28.239500 2.539700 21.778200
27.636700 3.881500 27.126800
17.158100 1.000100 21.778200
27.636700 3.881500 27.126800
17.364700 2.456000 27.126800
17.158100 1.000000 21.778200
27.636700 3.881500 27.126800
28.239500 2.539700 21.778200
36.605600 9.913600 21.778200
35.385800 10.708900 27.126800
28.239500 2.539700 21.778200
35.385700 10.708900 27.126800
27.636700 3.881500 27.126800
28.239400 2.539600 21.778200
35.385700 10.708900 27.126800
36.605600 9.913600 21.778200
39.822100 20.644000 21.778200
38.362400 20.644000 27.126800
36.605600 9.913600 21.778200
38.362300 20.644000 27.126800
35.385800 10.708900 27.126800
36.605600 9.913600 21.778200
38.362300 20.644000 27.126800
38.362400 20.644000 27.126800
35.385800 30.579200 27.126800
32.956300 28.995800 31.856900
38.362400 20.644000 27.126800
32.956300 28.995700 31.856800
35.455400 20.644000 31.856900
38.362300 20.644000 27.126800
32.956300 28.995700 31.856800
35.385800 30.579200 27.126800
27.636700 37.406600 27.126800
26.435900 34.735200 31.856900
35.385800 30.579200 27.126800
26.435800 34.735200 31.856800
32.956300 28.995800 31.856900
35.385700 30.579100 27.126800
26.435800 34.735200 31.856800
27.636700 37.406600 27.126800
17.364700 38.832100 27.126800
17.776300 35.933500 31.856900
27.636700 37.406600 27.126800
17.776300 35.933400 31.856800
26.435900 34.735200 31.856900
27.636700 37.406500 27.126800
17.776300 35.933400 31.856800
17.364700 38.832100 27.126800
7.981200 34.574900 27.126800
9.871100 32.354700 31.856900
17.364700 38.832100 27.126800
9.871000 32.354700 31.856800
17.776300 35.933500 31.856900
17.364700 38.832100 27.126800
9.871000 32.354700 31.856800
7.981200 34.574900 27.126800
2.396500 25.806000 27.126800
5.177800 24.983300 31.856900
7.981200 34.574900 27.126800
5.177800 24.983200 31.856800
9.871100 32.354700 31.856900
7.981100 34.574900 27.126800
5.177800 24.983200 31.856800
2.396500 25.806000 27.126800
2.396500 15.482100 27.126800
5.177800 16.304800 31.856900
2.396500 25.806000 27.126800
5.177800 16.304800 31.856800
5.177800 24.983300 31.856900
2.396500 25.805900 27.126800
5.177800 16.304800 31.856800
2.396500 15.482100 27.126800
7.981200 6.713200 27.126800
9.871100 8.933400 31.856900
2.396500 15.482100 27.126800
9.871000 8.933300 31.856800
5.177800 16.304800 31.856900
2.396500 15.482100 27.126800
9.871000 8.933300 31.856800
7.981200 6.713200 27.126800
17.364700 2.456000 27.126800
17.776300 5.354600 31.856900
7.981200 6.713200 27.126800
17.776300 5.354500 31.856800
9.871100 8.933400 31.856900
7.981100 6.713100 27.126800
17.776300 5.354500 31.856800
17.364700 2.456000 27.126800
27.636700 3.881500 27.126800
26.435900 6.552900 31.856900
17.364700 2.456000 27.126800
26.435800 6.552800 31.856800
17.776300 5.354600 31.856900
17.364700 2.456000 27.126800
26.435800 6.552800 31.856800
27.636700 3.881500 27.126800
35.385800 10.708900 27.126800
32.956300 12.292300 31.856900
27.636700 3.881500 27.126800
32.956300 12.292300 31.856800
26.435900 6.552900 31.856900
27.636700 3.881500 27.126800
32.956300 12.292300 31.856800
35.385800 10.708900 27.126800
38.362400 20.644000 27.126800
35.455400 20.644000 31.856900
35.385800 10.708900 27.126800
35.455400 20.644000 31.856800
32.956300 12.292300 31.856900
35.385700 10.708900 27.126800
35.455400 20.644000 31.856800
35.455400 20.644000 31.856900
32.956300 28.995800 31.856900
29.444500 26.715400 35.619000
35.455400 20.644000 31.856900
29.444400 26.715400 35.618900
31.257500 20.644000 35.619000
35.455400 20.644000 31.856800
29.444400 26.715400 35.618900
32.956300 28.995800 31.856900
26.435900 34.735200 31.856900
24.697100 30.887600 35.619000
32.956300 28.995800 31.856900
24.697000 30.887500 35.618900
29.444500 26.715400 35.619000
32.956300 28.995700 31.856800
24.697000 30.887500 35.618900
26.435900 34.735200 31.856900
17.776300 35.933500 31.856900
18.372500 31.758700 35.619000
26.435900 34.735200 31.856900
18.372400 31.758700 35.618900
24.697100 30.887600 35.619000
26.435800 34.735200 31.856800
18.372400 31.758700 35.618900
17.776300 35.933500 31.856900
9.871100 32.354700 31.856900
12.605400 29.157100 35.619000
17.776300 35.933500 31.856900
12.605400 29.157100 35.618900
18.372500 31.758700 35.619000
17.776300 35.933400 31.856800
12.605400 29.157100 35.618900
9.871100 32.354700 31.856900
5.177800 24.983300 31.856900
9.195200 23.798500 35.619000
9.871100 32.354700 31.856900
9.195100 23.798400 35.618900
12.605400 29.157100 35.619000
9.871000 32.354700 31.856800
9.195100 23.798400 35.618900
5.177800 24.983300 31.856900
5.177800 16.304800 31.856900
9.195200 17.489600 35.619000
5.177800 24.983300 31.856900
9.195100 17.489600 35.618900
9.195200 23.798500 35.619000
5.177800 24.983200 31.856800
9.195100 17.489600 35.618900
5.177800 16.304800 31.856900
9.871100 8.933400 31.856900
12.605400 12.131000 35.619000
5.177800 16.304800 31.856900
12.605400 12.131000 35.618900
9.195200 17.489600 35.619000
5.177800 16.304800 31.856800
12.605400 12.131000 35.618900
9.871100 8.933400 31.856900
17.776300 5.354600 31.856900
18.372500 9.529400 35.619000
9.871100 8.933400 31.856900
18.372400 9.529300 35.618900
12.605400 12.131000 35.619000
9.871000 8.933300 31.856800
18.372400 9.529300 35.618900
17.776300 5.354600 31.856900
26.435900 6.552900 31.856900
24.697100 10.400500 35.619000
17.776300 5.354600 31.856900
24.697000 10.400500 35.618900
18.372500 9.529400 35.619000
17.776300 5.354500 31.856800
24.697000 10.400500 35.618900
26.435900 6.552900 31.856900
32.956300 12.292300 31.856900
29.444500 14.572700 35.619000
26.435900 6.552900 31.856900
29.444400 14.572700 35.618900
24.697100 10.400500 35.619000
26.435800 6.552800 31.856800
29.444400 14.572700 35.618900
32.956300 12.292300 31.856900
35.455400 20.644000 31.856900
31.257500 20.644000 35.619000
32.956300 12.292300 31.856900
31.257500 20.644000 35.618900
29.444500 14.572700 35.619000
32.956300 12.292300 31.856800
31.257500 20.644000 35.618900
31.257500 20.644000 35.619000
29.444500 26.715400 35.619000
25.053900 23.882800 38.103100
31.257500 20.644000 35.619000
25.053800 23.882800 38.103000
26.018400 20.644100 38.103100
31.257500 20.644000 35.618900
25.053800 23.882800 38.103000
29.444500 26.715400 35.619000
24.697100 30.887600 35.619000
22.516000 26.108500 38.103100
29.444500 26.715400 35.619000
22.516000 26.108500 38.103000
25.053900 23.882800 38.103100
29.444400 26.715400 35.618900
22.516000 26.108500 38.103000
24.697100 30.887600 35.619000
18.372500 31.758700 35.619000
19.120900 26.573200 38.103100
24.697100 30.887600 35.619000
19.120900 26.573200 38.103000
22.516000 26.108500 38.103100
24.697000 30.887500 35.618900
19.120900 26.573200 38.103000
18.372500 31.758700 35.619000
12.605400 29.157100 35.619000
16.029700 25.185300 38.103200
18.372500 31.758700 35.619000
16.029600 25.185200 38.103100
19.120900 26.573200 38.103100
18.372400 31.758700 35.618900
16.029600 25.185200 38.103100
12.605400 29.157100 35.619000
9.195200 23.798500 35.619000
14.211700 22.326800 38.103100
12.605400 29.157100 35.619000
14.211600 22.326800 38.103000
16.029700 25.185300 38.103200
12.605400 29.157100 35.618900
14.211600 22.326800 38.103000
9.195200 23.798500 35.619000
9.195200 17.489600 35.619000
14.211700 18.961300 38.103100
9.195200 23.798500 35.619000
14.211600 18.961200 38.103000
14.211700 22.326800 38.103100
9.195100 23.798400 35.618900
14.211600 18.961200 38.103000
9.195200 17.489600 35.619000
12.605400 12.131000 35.619000
16.029700 16.102800 38.103100
9.195200 17.489600 35.619000
16.029600 16.102700 38.103000
14.211700 18.961300 38.103100
9.195100 17.489600 35.618900
16.029600 16.102700 38.103000
12.605400 12.131000 35.619000
18.372500 9.529400 35.619000
19.120900 14.714900 38.103100
12.605400 12.131000 35.619000
19.120900 14.714900 38.103000
16.029700 16.102800 38.103100
12.605400 12.131000 35.618900
19.120900 14.714900 38.103000
18.372500 9.529400 35.619000
24.697100 10.400500 35.619000
22.516000 15.179600 38.103100
18.372500 9.529400 35.619000
22.516000 15.179500 38.103000
19.120900 14.714900 38.103100
18.372400 9.529300 35.618900
22.516000 15.179500 38.103000
24.697100 10.400500 35.619000
29.444500 14.572700 35.619000
25.053900 17.405300 38.103100
24.697100 10.400500 35.619000
25.053800 17.405200 38.103000
22.516000 15.179600 38.103100
24.697000 10.400500 35.618900
25.053800 17.405200 38.103000
29.444500 14.572700 35.619000
31.257500 20.644000 35.619000
26.018400 20.644100 38.103100
29.444500 14.572700 35.619000
26.018300 20.644100 38.103000
25.053900 17.405300 38.103100
29.444400 14.572700 35.618900
26.018300 20.644100 38.103000
26.018400 20.644100 38.103100
25.053900 23.882800 38.103100
19.989000 20.644100 38.999900
26.018400 20.644100 38.103100
25.053900 23.882800 38.103100
22.516000 26.108500 38.103100
19.989000 20.644100 38.999900
25.053900 23.882800 38.103100
22.516000 26.108500 38.103100
19.120900 26.573200 38.103100
19.989000 20.644100 38.999900
22.516000 26.108500 38.103100
19.120900 26.573200 38.103100
16.029700 25.185300 38.103200
19.989000 20.644100 38.999900
19.120900 26.573200 38.103100
16.029700 25.185300 38.103200
14.211700 22.326800 38.103100
19.989000 20.644100 38.999900
16.029700 25.185300 38.103200
14.211700 22.326800 38.103100
14.211700 18.961300 38.103100
19.989000 20.644100 38.999900
14.211700 22.326800 38.103100
14.211700 18.961300 38.103100
16.029700 16.102800 38.103100
19.989000 20.644100 38.999900
14.211700 18.961300 38.103100
16.029700 16.102800 38.103100
19.120900 14.714900 38.103100
19.988900 20.644000 38.999900
16.029700 16.102800 38.103100
19.988900 20.644000 38.999900
19.989000 20.644100 38.999900
16.029600 16.102700 38.103000
19.988900 20.644000 38.999900
19.120900 14.714900 38.103100
22.516000 15.179600 38.103100
19.989000 20.644100 38.999900
19.120900 14.714900 38.103100
19.989000 20.644100 38.999900
19.988900 20.644000 38.999900
19.120900 14.714900 38.103000
19.989000 20.644100 38.999900
22.516000 15.179600 38.103100
25.053900 17.405300 38.103100
19.988900 20.644000 38.999900
22.516000 15.179600 38.103100
19.988900 20.644000 38.999900
19.989000 20.644100 38.999900
22.516000 15.179500 38.103000
19.988900 20.644000 38.999900
25.053900 17.405300 38.103100
26.018400 20.644100 38.103100
19.989000 20.644100 38.999900
25.053900 17.405300 38.103100
19.989000 20.644100 38.999900
19.988900 20.644000 38.999900
25.053800 17.405200 38.103000
19.989000 20.644100 38.999900
23.053800 23.882800 -0.103200
24.018400 20.644100 -0.103200
17.989000 20.644100 -1.000000
23.053800 23.882800 -0.103200
20.516000 26.108500 -0.103200
23.053900 23.882800 -0.103200
17.989000 20.644100 -1.000000
20.516000 26.108500 -0.103200
17.120900 26.573200 -0.103200
20.516000 26.108500 -0.103200
17.989000 20.644100 -1.000000
17.120900 26.573200 -0.103200
14.029600 25.185200 -0.103200
17.120900 26.573200 -0.103200
17.989000 20.644100 -1.000000
14.029600 25.185200 -0.103200
12.211600 22.326800 -0.103200
14.029700 25.185300 -0.103200
17.989000 20.644100 -1.000000
12.211600 22.326800 -0.103200
12.211600 18.961200 -0.103200
12.211700 22.326800 -0.103200
17.989000 20.644100 -1.000000
12.211600 18.961200 -0.103200
14.029600 16.102700 -0.103200
12.211700 18.961300 -0.103200
17.989000 20.644100 -1.000000
14.029600 16.102700 -0.103200
17.989000 20.644100 -1.000000
17.988900 20.644000 -1.000000
17.120900 14.714900 -0.103200
17.989000 20.644100 -1.000000
17.120900 14.714900 -0.103200
14.029700 16.102800 -0.103200
17.989000 20.644100 -1.000000
17.120900 14.714900 -0.103200
17.988900 20.644000 -1.000000
17.989000 20.644100 -1.000000
20.516000 15.179600 -0.103200
17.988900 20.644000 -1.000000
20.516000 15.179500 -0.103200
17.120900 14.714900 -0.103200
17.988900 20.644000 -1.000000
20.516000 15.179500 -0.103200
17.989000 20.644100 -1.000000
17.988900 20.644000 -1.000000
23.053900 17.405300 -0.103200
17.989000 20.644100 -1.000000
23.053800 17.405200 -0.103200
20.516000 15.179600 -0.103200
17.989000 20.644100 -1.000000
23.053800 17.405200 -0.103200
17.988900 20.644000 -1.000000
17.989000 20.644100 -1.000000
24.018400 20.644100 -0.103200
17.988900 20.644000 -1.000000
24.018300 20.644100 -0.103200
23.053900 17.405300 -0.103200
17.988900 20.644000 -1.000000
24.018300 20.644100 -0.103200
24.018400 20.644100 -0.103200
23.053900 23.882800 -0.103200
27.444500 26.715400 2.380900
24.018400 20.644100 -0.103200
27.444400 26.715400 2.380900
29.257500 20.644100 2.380900
24.018300 20.644100 -0.103200
27.444400 26.715400 2.380900
23.053900 23.882800 -0.103200
20.516000 26.108500 -0.103200
22.697100 30.887600 2.380900
23.053900 23.882800 -0.103200
22.697000 30.887500 2.380900
27.444500 26.715400 2.380900
23.053800 23.882800 -0.103200
22.697000 30.887500 2.380900
20.516000 26.108500 -0.103200
17.120900 26.573200 -0.103200
16.372500 31.758700 2.380900
20.516000 26.108500 -0.103200
16.372400 31.758700 2.380900
22.697100 30.887600 2.380900
20.516000 26.108500 -0.103200
16.372400 31.758700 2.380900
17.120900 26.573200 -0.103200
14.029700 25.185300 -0.103200
10.605400 29.157100 2.380900
17.120900 26.573200 -0.103200
10.605400 29.157100 2.380900
16.372500 31.758700 2.380900
17.120900 26.573200 -0.103200
10.605400 29.157100 2.380900
14.029700 25.185300 -0.103200
12.211700 22.326800 -0.103200
7.195200 23.798500 2.380900
14.029700 25.185300 -0.103200
7.195100 23.798400 2.380900
10.605400 29.157100 2.380900
14.029600 25.185200 -0.103200
7.195100 23.798400 2.380900
12.211700 22.326800 -0.103200
12.211700 18.961300 -0.103200
7.195200 17.489600 2.380900
12.211700 22.326800 -0.103200
7.195100 17.489600 2.380900
7.195200 23.798500 2.380900
12.211600 22.326800 -0.103200
7.195100 17.489600 2.380900
12.211700 18.961300 -0.103200
14.029700 16.102800 -0.103200
10.605400 12.131000 2.380900
12.211700 18.961300 -0.103200
10.605400 12.131000 2.380900
7.195200 17.489600 2.380900
12.211600 18.961200 -0.103200
10.605400 12.131000 2.380900
14.029700 16.102800 -0.103200
17.120900 14.714900 -0.103200
16.372500 9.529400 2.380900
14.029700 16.102800 -0.103200
16.372400 9.529300 2.380900
10.605400 12.131000 2.380900
14.029600 16.102700 -0.103200
16.372400 9.529300 2.380900
17.120900 14.714900 -0.103200
20.516000 15.179600 -0.103200
22.697100 10.400500 2.380900
17.120900 14.714900 -0.103200
22.697000 10.400500 2.380900
16.372500 9.529400 2.380900
17.120900 14.714900 -0.103200
22.697000 10.400500 2.380900
20.516000 15.179600 -0.103200
23.053900 17.405300 -0.103200
27.444500 14.572700 2.380900
20.516000 15.179600 -0.103200
27.444400 14.572700 2.380900
22.697100 10.400500 2.380900
20.516000 15.179500 -0.103200
27.444400 14.572700 2.380900
23.053900 17.405300 -0.103200
24.018400 20.644100 -0.103200
29.257500 20.644100 2.380900
23.053900 17.405300 -0.103200
29.257500 20.644100 2.380900
27.444500 14.572700 2.380900
23.053800 17.405200 -0.103200
29.257500 20.644100 2.380900
29.257500 20.644100 2.380900
27.444500 26.715400 2.380900
30.956300 28.995800 6.143000
29.257500 20.644100 2.380900
30.956300 28.995700 6.142900
33.455400 20.644100 6.143000
29.257500 20.644100 2.380900
30.956300 28.995700 6.142900
27.444500 26.715400 2.380900
22.697100 30.887600 2.380900
24.435900 34.735200 6.143000
27.444500 26.715400 2.380900
24.435800 34.735200 6.142900
30.956300 28.995800 6.143000
27.444400 26.715400 2.380900
24.435800 34.735200 6.142900
22.697100 30.887600 2.380900
16.372500 31.758700 2.380900
15.776300 35.933500 6.143000
22.697100 30.887600 2.380900
15.776300 35.933400 6.142900
24.435900 34.735200 6.143000
22.697000 30.887500 2.380900
15.776300 35.933400 6.142900
16.372500 31.758700 2.380900
10.605400 29.157100 2.380900
7.871100 32.354700 6.143000
16.372500 31.758700 2.380900
7.871000 32.354700 6.142900
15.776300 35.933500 6.143000
16.372400 31.758700 2.380900
7.871000 32.354700 6.142900
10.605400 29.157100 2.380900
7.195200 23.798500 2.380900
3.177800 24.983300 6.143000
10.605400 29.157100 2.380900
3.177800 24.983200 6.142900
7.871100 32.354700 6.143000
10.605400 29.157100 2.380900
3.177800 24.983200 6.142900
7.195200 23.798500 2.380900
7.195200 17.489600 2.380900
3.177800 16.304700 6.143000
7.195200 23.798500 2.380900
3.177800 16.304600 6.142900
3.177800 24.983300 6.143000
7.195100 23.798400 2.380900
3.177800 16.304600 6.142900
7.195200 17.489600 2.380900
10.605400 12.131000 2.380900
7.871100 8.933400 6.143000
7.195200 17.489600 2.380900
7.871000 8.933300 6.142900
3.177800 16.304700 6.143000
7.195100 17.489600 2.380900
7.871000 8.933300 6.142900
10.605400 12.131000 2.380900
16.372500 9.529400 2.380900
15.776300 5.354600 6.143000
10.605400 12.131000 2.380900
15.776300 5.354500 6.142900
7.871100 8.933400 6.143000
10.605400 12.131000 2.380900
15.776300 5.354500 6.142900
16.372500 9.529400 2.380900
22.697100 10.400500 2.380900
24.435900 6.552900 6.143000
16.372500 9.529400 2.380900
24.435800 6.552800 6.142900
15.776300 5.354600 6.143000
16.372400 9.529300 2.380900
24.435800 6.552800 6.142900
22.697100 10.400500 2.380900
27.444500 14.572700 2.380900
30.956300 12.292300 6.143000
22.697100 10.400500 2.380900
30.956300 12.292300 6.142900
24.435900 6.552900 6.143000
22.697000 10.400500 2.380900
30.956300 12.292300 6.142900
27.444500 14.572700 2.380900
29.257500 20.644100 2.380900
33.455400 20.644100 6.143000
27.444500 14.572700 2.380900
33.455400 20.644100 6.142900
30.956300 12.292300 6.143000
27.444400 14.572700 2.380900
33.455400 20.644100 6.142900
33.455400 20.644100 6.143000
30.956300 28.995800 6.143000
33.385800 30.579200 10.873100
33.455400 20.644100 6.143000
33.385700 30.579100 10.873100
36.362400 20.644100 10.873100
33.455400 20.644100 6.142900
33.385700 30.579100 10.873100
30.956300 28.995800 6.143000
24.435900 34.735200 6.143000
25.636800 37.406600 10.873100
30.956300 28.995800 6.143000
25.636800 37.406500 10.873100
33.385800 30.579200 10.873100
30.956300 28.995700 6.142900
25.636800 37.406500 10.873100
24.435900 34.735200 6.143000
15.776300 35.933500 6.143000
15.364700 38.832100 10.873100
24.435900 34.735200 6.143000
15.364700 38.832100 10.873100
25.636800 37.406600 10.873100
24.435800 34.735200 6.142900
15.364700 38.832100 10.873100
15.776300 35.933500 6.143000
7.871100 32.354700 6.143000
5.981200 34.574800 10.873100
15.776300 35.933500 6.143000
5.981100 34.574800 10.873100
15.364700 38.832100 10.873100
15.776300 35.933400 6.142900
5.981100 34.574800 10.873100
7.871100 32.354700 6.143000
3.177800 24.983300 6.143000
0.396500 25.806000 10.873100
7.871100 32.354700 6.143000
0.396500 25.805900 10.873100
5.981200 34.574800 10.873100
7.871000 32.354700 6.142900
0.396500 25.805900 10.873100
3.177800 24.983300 6.143000
3.177800 16.304700 6.143000
0.396500 15.482100 10.873100
3.177800 24.983300 6.143000
0.396500 15.482100 10.873100
0.396500 25.806000 10.873100
3.177800 24.983200 6.142900
0.396500 15.482100 10.873100
3.177800 16.304700 6.143000
7.871100 8.933400 6.143000
5.981200 6.713200 10.873100
3.177800 16.304700 6.143000
5.981100 6.713100 10.873100
0.396500 15.482100 10.873100
3.177800 16.304600 6.142900
5.981100 6.713100 10.873100
7.871100 8.933400 6.143000
15.776300 5.354600 6.143000
15.364700 2.456000 10.873100
7.871100 8.933400 6.143000
15.364700 2.456000 10.873100
5.981200 6.713200 10.873100
7.871000 8.933300 6.142900
15.364700 2.456000 10.873100
15.776300 5.354600 6.143000
24.435900 6.552900 6.143000
25.636800 3.881500 10.873100
15.776300 5.354600 6.143000
25.636800 3.881500 10.873100
15.364700 2.456000 10.873100
15.776300 5.354500 6.142900
25.636800 3.881500 10.873100
24.435900 6.552900 6.143000
30.956300 12.292300 6.143000
33.385800 10.708900 10.873100
24.435900 6.552900 6.143000
33.385700 10.708900 10.873100
25.636800 3.881500 10.873100
24.435800 6.552800 6.142900
33.385700 10.708900 10.873100
30.956300 12.292300 6.143000
33.455400 20.644100 6.143000
36.362400 20.644100 10.873100
30.956300 12.292300 6.143000
36.362300 20.644100 10.873100
33.385800 10.708900 10.873100
30.956300 12.292300 6.142900
36.362300 20.644100 10.873100
36.362400 20.644100 10.873100
33.385800 30.579200 10.873100
34.605600 31.374500 16.221700
36.362400 20.644100 10.873100
34.605600 31.374500 16.221700
37.822100 20.644100 16.221700
36.362300 20.644100 10.873100
34.605600 31.374500 16.221700
33.385800 30.579200 10.873100
25.636800 37.406600 10.873100
26.239500 38.748400 16.221700
33.385800 30.579200 10.873100
26.239400 38.748400 16.221700
34.605600 31.374500 16.221700
33.385700 30.579100 10.873100
26.239400 38.748400 16.221700
25.636800 37.406600 10.873100
15.364700 38.832100 10.873100
15.158100 40.288000 16.221700
25.636800 37.406600 10.873100
15.158100 40.287900 16.221700
26.239500 38.748400 16.221700
25.636800 37.406500 10.873100
15.158100 40.287900 16.221700
15.364700 38.832100 10.873100
5.981200 34.574800 10.873100
5.032400 35.690000 16.221700
15.364700 38.832100 10.873100
5.032300 35.689900 16.221700
15.158100 40.288000 16.221700
15.364700 38.832100 10.873100
5.032300 35.689900 16.221700
5.981200 34.574800 10.873100
0.396500 25.806000 10.873100
-1.000000 26.219200 16.221700
5.981200 34.574800 10.873100
-1.000000 26.219100 16.221700
5.032400 35.690000 16.221700
5.981100 34.574800 10.873100
-1.000000 26.219100 16.221700
0.396500 25.806000 10.873100
0.396500 15.482100 10.873100
-1.000000 15.068900 16.221700
0.396500 25.806000 10.873100
-1.000000 15.068900 16.221700
-1.000000 26.219200 16.221700
0.396500 25.805900 10.873100
-1.000000 15.068900 16.221700
0.396500 15.482100 10.873100
5.981200 6.713200 10.873100
5.032400 5.598100 16.221700
0.396500 15.482100 10.873100
5.032300 5.598000 16.221700
-1.000000 15.068900 16.221700
0.396500 15.482100 10.873100
5.032300 5.598000 16.221700
5.981200 6.713200 10.873100
15.364700 2.456000 10.873100
15.158100 1.000100 16.221700
5.981200 6.713200 10.873100
15.158100 1.000000 16.221700
5.032400 5.598100 16.221700
5.981100 6.713100 10.873100
15.158100 1.000000 16.221700
15.364700 2.456000 10.873100
25.636800 3.881500 10.873100
26.239500 2.539700 16.221700
15.364700 2.456000 10.873100
26.239400 2.539600 16.221700
15.158100 1.000100 16.221700
15.364700 2.456000 10.873100
26.239400 2.539600 16.221700
25.636800 3.881500 10.873100
33.385800 10.708900 10.873100
34.605600 9.913600 16.221700
25.636800 3.881500 10.873100
34.605600 9.913600 16.221700
26.239500 2.539700 16.221700
25.636800 3.881500 10.873100
34.605600 9.913600 16.221700
33.385800 10.708900 10.873100
36.362400 20.644100 10.873100
37.822100 20.644100 16.221700
33.385800 10.708900 10.873100
37.822000 20.644100 16.221700
34.605600 9.913600 16.221700
33.385700 10.708900 10.873100
37.822000 20.644100 16.221700
37.822100 20.644100 16.221700
34.605600 31.374500 16.221700
34.605600 31.374500 21.778200
37.822100 20.644100 16.221700
34.605600 31.374500 21.778200
37.822100 20.644000 21.778200
37.822000 20.644100 16.221700
34.605600 31.374500 21.778200
34.605600 31.374500 16.221700
26.239500 38.748400 16.221700
26.239500 38.748400 21.778200
34.605600 31.374500 16.221700
26.239400 38.748400 21.778200
34.605600 31.374500 21.778200
34.605600 31.374500 16.221700
26.239400 38.748400 21.778200
26.239500 38.748400 16.221700
15.158100 40.288000 16.221700
15.158100 40.288000 21.778200
26.239500 38.748400 16.221700
15.158100 40.287900 21.778200
26.239500 38.748400 21.778200
26.239400 38.748400 16.221700
15.158100 40.287900 21.778200
15.158100 40.288000 16.221700
5.032400 35.690000 16.221700
5.032400 35.690000 21.778200
15.158100 40.288000 16.221700
5.032300 35.689900 21.778200
15.158100 40.288000 21.778200
15.158100 40.287900 16.221700
5.032300 35.689900 21.778200
5.032400 35.690000 16.221700
-1.000000 26.219200 16.221700
-1.000000 26.219200 21.778200
5.032400 35.690000 16.221700
-1.000000 26.219100 21.778200
5.032400 35.690000 21.778200
5.032300 35.689900 16.221700
-1.000000 26.219100 21.778200
-1.000000 26.219200 16.221700
-1.000000 15.068900 16.221700
-1.000000 15.068900 21.778200
-1.000000 26.219200 16.221700
-1.000000 15.068900 21.778200
-1.000000 26.219200 21.778200
-1.000000 26.219100 16.221700
-1.000000 15.068900 21.778200
-1.000000 15.068900 16.221700
5.032400 5.598100 16.221700
5.032400 5.598100 21.778200
-1.000000 15.068900 16.221700
5.032300 5.598000 21.778200
-1.000000 15.068900 21.778200
-1.000000 15.068900 16.221700
5.032300 5.598000 21.778200
5.032400 5.598100 16.221700
15.158100 1.000100 16.221700
15.158100 1.000100 21.778200
5.032400 5.598100 16.221700
15.158100 1.000000 21.778200
5.032400 5.598100 21.778200
5.032300 5.598000 16.221700
15.158100 1.000000 21.778200
15.158100 1.000100 16.221700
26.239500 2.539700 16.221700
26.239500 2.539700 21.778200
15.158100 1.000100 16.221700
26.239400 2.539600 21.778200
15.158100 1.000100 21.778200
15.158100 1.000000 16.221700
26.239400 2.539600 21.778200
26.239500 2.539700 16.221700
34.605600 9.913600 16.221700
34.605600 9.913600 21.778200
26.239500 2.539700 16.221700
34.605600 9.913600 21.778200
26.239500 2.539700 21.778200
26.239400 2.539600 16.221700
34.605600 9.913600 21.778200
34.605600 9.913600 16.221700
37.822100 20.644100 16.221700
37.822100 20.644000 21.778200
34.605600 9.913600 16.221700
37.822000 20.644000 21.778200
34.605600 9.913600 21.778200
34.605600 9.913600 16.221700
37.822000 20.644000 21.778200
37.822100 20.644000 21.778200
34.605600 31.374500 21.778200
33.385800 30.579200 27.126800
37.822100 20.644000 21.778200
33.385700 30.579100 27.126800
36.362400 20.644000 27.126800
37.822000 20.644000 21.778200
33.385700 30.579100 27.126800
34.605600 31.374500 21.778200
26.239500 38.748400 21.778200
25.636700 37.406600 27.126800
34.605600 31.374500 21.778200
25.636700 37.406500 27.126800
33.385800 30.579200 27.126800
34.605600 31.374500 21.778200
25.636700 37.406500 27.126800
26.239500 38.748400 21.778200
15.158100 40.288000 21.778200
15.364700 38.832100 27.126800
26.239500 38.748400 21.778200
15.364700 38.832100 27.126800
25.636700 37.406600 27.126800
26.239400 38.748400 21.778200
15.364700 38.832100 27.126800
15.158100 40.288000 21.778200
5.032400 35.690000 21.778200
5.981200 34.574900 27.126800
15.158100 40.288000 21.778200
5.981100 34.574900 27.126800
15.364700 38.832100 27.126800
15.158100 40.287900 21.778200
5.981100 34.574900 27.126800
5.032400 35.690000 21.778200
-1.000000 26.219200 21.778200
0.396500 25.806000 27.126800
5.032400 35.690000 21.778200
0.396500 25.805900 27.126800
5.981200 34.574900 27.126800
5.032300 35.689900 21.778200
0.396500 25.805900 27.126800
-1.000000 26.219200 21.778200
-1.000000 15.068900 21.778200
0.396500 15.482100 27.126800
-1.000000 26.219200 21.778200
0.396500 15.482100 27.126800
0.396500 25.806000 27.126800
-1.000000 26.219100 21.778200
0.396500 15.482100 27.126800
-1.000000 15.068900 21.778200
5.032400 5.598100 21.778200
5.981200 6.713200 27.126800
-1.000000 15.068900 21.778200
5.981100 6.713100 27.126800
0.396500 15.482100 27.126800
-1.000000 15.068900 21.778200
5.981100 6.713100 27.126800
5.032400 5.598100 21.778200
15.158100 1.000100 21.778200
15.364700 2.456000 27.126800
5.032400 5.598100 21.778200
15.364700 2.456000 27.126800
5.981200 6.713200 27.126800
5.032300 5.598000 21.778200
15.364700 2.456000 27.126800
15.158100 1.000100 21.778200
26.239500 2.539700 21.778200
25.636700 3.881500 27.126800
15.158100 1.000100 21.778200
25.636700 3.881500 27.126800
15.364700 2.456000 27.126800
15.158100 1.000000 21.778200
25.636700 3.881500 27.126800
26.239500 2.539700 21.778200
34.605600 9.913600 21.778200
33.385800 10.708900 27.126800
26.239500 2.539700 21.778200
33.385700 10.708900 27.126800
25.636700 3.881500 27.126800
26.239400 2.539600 21.778200
33.385700 10.708900 27.126800
34.605600 9.913600 21.778200
37.822100 20.644000 21.778200
36.362400 20.644000 27.126800
34.605600 9.913600 21.778200
36.362300 20.644000 27.126800
33.385800 10.708900 27.126800
34.605600 9.913600 21.778200
36.362300 20.644000 27.126800
36.362400 20.644000 27.126800
33.385800 30.579200 27.126800
30.956300 28.995800 31.856900
36.362400 20.644000 27.126800
30.956300 28.995700 31.856800
33.455400 20.644000 31.856900
36.362300 20.644000 27.126800
30.956300 28.995700 31.856800
33.385800 30.579200 27.126800
25.636700 37.406600 27.126800
24.435900 34.735200 31.856900
33.385800 30.579200 27.126800
24.435800 34.735200 31.856800
30.956300 28.995800 31.856900
33.385700 30.579100 27.126800
24.435800 34.735200 31.856800
25.636700 37.406600 27.126800
15.364700 38.832100 27.126800
15.776300 35.933500 31.856900
25.636700 37.406600 27.126800
15.776300 35.933400 31.856800
24.435900 34.735200 31.856900
25.636700 37.406500 27.126800
15.776300 35.933400 31.856800
15.364700 38.832100 27.126800
5.981200 34.574900 27.126800
7.871100 32.354700 31.856900
15.364700 38.832100 27.126800
7.871000 32.354700 31.856800
15.776300 35.933500 31.856900
15.364700 38.832100 27.126800
7.871000 32.354700 31.856800
5.981200 34.574900 27.126800
0.396500 25.806000 27.126800
3.177800 24.983300 31.856900
5.981200 34.574900 27.126800
3.177800 24.983200 31.856800
7.871100 32.354700 31.856900
5.981100 34.574900 27.126800
3.177800 24.983200 31.856800
0.396500 25.806000 27.126800
0.396500 15.482100 27.126800
3.177800 16.304800 31.856900
0.396500 25.806000 27.126800
3.177800 16.304800 31.856800
3.177800 24.983300 31.856900
0.396500 25.805900 27.126800
3.177800 16.304800 31.856800
0.396500 15.482100 27.126800
5.981200 6.713200 27.126800
7.871100 8.933400 31.856900
0.396500 15.482100 27.126800
7.871000 8.933300 31.856800
3.177800 16.304800 31.856900
0.396500 15.482100 27.126800
7.871000 8.933300 31.856800
5.981200 6.713200 27.126800
15.364700 2.456000 27.126800
15.776300 5.354600 31.856900
5.981200 6.713200 27.126800
15.776300 5.354500 31.856800
7.871100 8.933400 31.856900
5.981100 6.713100 27.126800
15.776300 5.354500 31.856800
15.364700 2.456000 27.126800
25.636700 3.881500 27.126800
24.435900 6.552900 31.856900
15.364700 2.456000 27.126800
24.435800 6.552800 31.856800
15.776300 5.354600 31.856900
15.364700 2.456000 27.126800
24.435800 6.552800 31.856800
25.636700 3.881500 27.126800
33.385800 10.708900 27.126800
30.956300 12.292300 31.856900
25.636700 3.881500 27.126800
30.956300 12.292300 31.856800
24.435900 6.552900 31.856900
25.636700 3.881500 27.126800
30.956300 12.292300 31.856800
33.385800 10.708900 27.126800
36.362400 20.644000 27.126800
33.455400 20.644000 31.856900
33.385800 10.708900 27.126800
33.455400 20.644000 31.856800
30.956300 12.292300 31.856900
33.385700 10.708900 27.126800
33.455400 20.644000 31.856800
33.455400 20.644000 31.856900
30.956300 28.995800 31.856900
27.444500 26.715400 35.619000
33.455400 20.644000 31.856900
27.444400 26.715400 35.618900
29.257500 20.644000 35.619000
33.455400 20.644000 31.856800
27.444400 26.715400 35.618900
30.956300 28.995800 31.856900
24.435900 34.735200 31.856900
22.697100 30.887600 35.619000
30.956300 28.995800 31.856900
22.697000 30.887500 35.618900
27.444500 26.715400 35.619000
30.956300 28.995700 31.856800
22.697000 30.887500 35.618900
24.435900 34.735200 31.856900
15.776300 35.933500 31.856900
16.372500 31.758700 35.619000
24.435900 34.735200 31.856900
16.372400 31.758700 35.618900
22.697100 30.887600 35.619000
24.435800 34.735200 31.856800
16.372400 31.758700 35.618900
15.776300 35.933500 31.856900
7.871100 32.354700 31.856900
10.605400 29.157100 35.619000
15.776300 35.933500 31.856900
10.605400 29.157100 35.618900
16.372500 31.758700 35.619000
15.776300 35.933400 31.856800
10.605400 29.157100 35.618900
7.871100 32.354700 31.856900
3.177800 24.983300 31.856900
7.195200 23.798500 35.619000
7.871100 32.354700 31.856900
7.195100 23.798400 35.618900
10.605400 29.157100 35.619000
7.871000 32.354700 31.856800
7.195100 23.798400 35.618900
3.177800 24.983300 31.856900
3.177800 16.304800 31.856900
7.195200 17.489600 35.619000
3.177800 24.983300 31.856900
7.195100 17.489600 35.618900
7.195200 23.798500 35.619000
3.177800 24.983200 31.856800
7.195100 17.489600 35.618900
3.177800 16.304800 31.856900
7.871100 8.933400 31.856900
10.605400 12.131000 35.619000
3.177800 16.304800 31.856900
10.605400 12.131000 35.618900
7.195200 17.489600 35.619000
3.177800 16.304800 31.856800
10.605400 12.131000 35.618900
7.871100 8.933400 31.856900
15.776300 5.354600 31.856900
16.372500 9.529400 35.619000
7.871100 8.933400 31.856900
16.372400 9.529300 35.618900
10.605400 12.131000 35.619000
7.871000 8.933300 31.856800
16.372400 9.529300 35.618900
15.776300 5.354600 31.856900
24.435900 6.552900 31.856900
22.697100 10.400500 35.619000
15.776300 5.354600 31.856900
22.697000 10.400500 35.618900
16.372500 9.529400 35.619000
15.776300 5.354500 31.856800
22.697000 10.400500 35.618900
24.435900 6.552900 31.856900
30.956300 12.292300 31.856900
27.444500 14.572700 35.619000
24.435900 6.552900 31.856900
27.444400 14.572700 35.618900
22.697100 10.400500 35.619000
24.435800 6.552800 31.856800
27.444400 14.572700 35.618900
30.956300 12.292300 31.856900
33.455400 20.644000 31.856900
29.257500 20.644000 35.619000
30.956300 12.292300 31.856900
29.257500 20.644000 35.618900
27.444500 14.572700 35.619000
30.956300 12.292300 31.856800
29.257500 20.644000 35.618900
29.257500 20.644000 35.619000
27.444500 26.715400 35.619000
23.053900 23.882800 38.103100
29.257500 20.644000 35.619000
23.053800 23.882800 38.103000
24.018400 20.644100 38.103100
29.257500 20.644000 35.618900
23.053800 23.882800 38.103000
27.444500 26.715400 35.619000
22.697100 30.887600 35.619000
20.516000 26.108500 38.103100
27.444500 26.715400 35.619000
20.516000 26.108500 38.103000
23.053900 23.882800 38.103100
27.444400 26.715400 35.618900
20.516000 26.108500 38.103000
22.697100 30.887600 35.619000
16.372500 31.758700 35.619000
17.120900 26.573200 38.103100
22.697100 30.887600 35.619000
17.120900 26.573200 38.103000
20.516000 26.108500 38.103100
22.697000 30.887500 35.618900
17.120900 26.573200 38.103000
16.372500 31.758700 35.619000
10.605400 29.157100 35.619000
14.029700 25.185300 38.103200
16.372500 31.758700 35.619000
14.029600 25.185200 38.103100
17.120900 26.573200 38.103100
16.372400 31.758700 35.618900
14.029600 25.185200 38.103100
10.605400 29.157100 35.619000
7.195200 23.798500 35.619000
12.211700 22.326800 38.103100
10.605400 29.157100 35.619000
12.211600 22.326800 38.103000
14.029700 25.185300 38.103200
10.605400 29.157100 35.618900
12.211600 22.326800 38.103000
7.195200 23.798500 35.619000
7.195200 17.489600 35.619000
12.211700 18.961300 38.103100
7.195200 23.798500 35.619000
12.211600 18.961200 38.103000
12.211700 22.326800 38.103100
7.195100 23.798400 35.618900
12.211600 18.961200 38.103000
7.195200 17.489600 35.619000
10.605400 12.131000 35.619000
14.029700 16.102800 38.103100
7.195200 17.489600 35.619000
14.029600 16.102700 38.103000
12.211700 18.961300 38.103100
7.195100 17.489600 35.618900
14.029600 16.102700 38.103000
10.605400 12.131000 35.619000
16.372500 9.529400 35.619000
17.120900 14.714900 38.103100
10.605400 12.131000 35.619000
17.120900 14.714900 38.103000
14.029700 16.102800 38.103100
10.605400 12.131000 35.618900
17.120900 14.714900 38.103000
16.372500 9.529400 35.619000
22.697100 10.400500 35.619000
20.516000 15.179600 38.103100
16.372500 9.529400 35.619000
20.516000 15.179500 38.103000
17.120900 14.714900 38.103100
16.372400 9.529300 35.618900
20.516000 15.179500 38.103000
22.697100 10.400500 35.619000
27.444500 14.572700 35.619000
23.053900 17.405300 38.103100
22.697100 10.400500 35.619000
23.053800 17.405200 38.103000
20.516000 15.179600 38.103100
22.697000 10.400500 35.618900
23.053800 17.405200 38.103000
27.444500 14.572700 35.619000
29.257500 20.644000 35.619000
24.018400 20.644100 38.103100
27.444500 14.572700 35.619000
24.018300 20.644100 38.103000
23.053900 17.405300 38.103100
27.444400 14.572700 35.618900
24.018300 20.644100 38.103000
24.018400 20.644100 38.103100
23.053900 23.882800 38.103100
17.989000 20.644100 38.999900
24.018400 20.644100 38.103100
23.053900 23.882800 38.103100
20.516000 26.108500 38.103100
17.989000 20.644100 38.999900
23.053900 23.882800 38.103100
20.516000 26.108500 38.103100
17.120900 26.573200 38.103100
17.989000 20.644100 38.999900
20.516000 26.108500 38.103100
17.120900 26.573200 38.103100
14.029700 25.185300 38.103200
17.989000 20.644100 38.999900
17.120900 26.573200 38.103100
14.029700 25.185300 38.103200
12.211700 22.326800 38.103100
17.989000 20.644100 38.999900
14.029700 25.185300 38.103200
12.211700 22.326800 38.103100
12.211700 18.961300 38.103100
17.989000 20.644100 38.999900
12.211700 22.326800 38.103100
12.211700 18.961300 38.103100
14.029700 16.102800 38.103100
17.989000 20.644100 38.999900
12.211700 18.961300 38.103100
14.029700 16.102800 38.103100
17.120900 14.714900 38.103100
17.988900 20.644000 38.999900
14.029700 16.102800 38.103100
17.988900 20.644000 38.999900
17.989000 20.644100 38.999900
14.029600 16.102700 38.103000
17.988900 20.644000 38.999900
17.120900 14.714900 38.103100
20.516000 15.179600 38.103100
17.989000 20.644100 38.999900
17.120900 14.714900 38.103100
17.989000 20.644100 38.999900
17.988900 20.644000 38.999900
17.120900 14.714900 38.103000
17.989000 20.644100 38.999900
20.516000 15.179600 38.103100
23.053900 17.405300 38.103100
17.988900 20.644000 38.999900
20.516000 15.179600 38.103100
17.988900 20.644000 38.999900
17.989000 20.644100 38.999900
20.516000 15.179500 38.103000
17.988900 20.644000 38.999900
23.053900 17.405300 38.103100
24.018400 20.644100 38.103100
17.989000 20.644100 38.999900
23.053900 17.405300 38.103100
17.989000 20.644100 38.999900
17.988900 20.644000 38.999900
23.053800 17.405200 38.103000
17.989000 20.644100 38.999900
