-1.000000 18.644000 20.999950
1.000000 18.644000 20.999950
1.000000 20.644000 20.999950
-1.000000 18.644000 20.999950
-1.000000 18.644000 20.999950
1.000000 20.644000 20.999950
-1.000000 20.644000 20.999950
-1.000000 18.644000 20.999950
-1.000000 18.644000 18.999950
1.000000 20.644000 18.999950
1.000000 18.644000 18.999950
-1.000000 18.644000 18.999950
-1.000000 18.644000 18.999950
-1.000000 20.644000 18.999950
1.000000 20.644000 18.999950
-1.000000 18.644000 18.999950
1.000000 18.644000 18.999950
1.000000 20.644000 20.999950
1.000000 18.644000 20.999950
1.000000 18.644000 18.999950
1.000000 18.644000 18.999950
1.000000 20.644000 18.999950
1.000000 20.644000 20.999950
1.000000 18.644000 18.999950
-1.000000 18.644000 18.999950
-1.000000 18.644000 20.999950
-1.000000 20.644000 20.999950
-1.000000 18.644000 18.999950
-1.000000 18.644000 18.999950
-1.000000 20.644000 20.999950
-1.000000 20.644000 18.999950
-1.000000 18.644000 18.999950
-1.000000 20.644000 18.999950
1.000000 20.644000 20.999950
1.000000 20.644000 18.999950
-1.000000 20.644000 18.999950
-1.000000 20.644000 18.999950
-1.000000 20.644000 20.999950
1.000000 20.644000 20.999950
-1.000000 20.644000 18.999950
-1.000000 18.644000 18.999950
1.000000 18.644000 18.999950
1.000000 18.644000 20.999950
-1.000000 18.644000 18.999950
-1.000000 18.644000 18.999950
1.000000 18.644000 20.999950
-1.000000 18.644000 20.999950
-1.000000 18.644000 18.999950
-1.000000 -1.000000 1.000000
1.000000 -1.000000 1.000000
1.000000 1.000000 1.000000
-1.000000 -1.000000 1.000000
-1.000000 -1.000000 1.000000
1.000000 1.000000 1.000000
-1.000000 1.000000 1.000000
-1.000000 -1.000000 1.000000
-1.000000 -1.000000 -1.000000
1.000000 1.000000 -1.000000
1.000000 -1.000000 -1.000000
-1.000000 -1.000000 -1.000000
-1.000000 -1.000000 -1.000000
-1.000000 1.000000 -1.000000
1.000000 1.000000 -1.000000
-1.000000 -1.000000 -1.000000
1.000000 -1.000000 -1.000000
1.000000 1.000000 1.000000
1.000000 -1.000000 1.000000
1.000000 -1.000000 -1.000000
1.000000 -1.000000 -1.000000
1.000000 1.000000 -1.000000
1.000000 1.000000 1.000000
1.000000 -1.000000 -1.000000
-1.000000 -1.000000 -1.000000
-1.000000 -1.000000 1.000000
-1.000000 1.000000 1.000000
-1.000000 -1.000000 -1.000000
-1.000000 -1.000000 -1.000000
-1.000000 1.000000 1.000000
-1.000000 1.000000 -1.000000
-1.000000 -1.000000 -1.000000
-1.000000 1.000000 -1.000000
1.000000 1.000000 1.000000
1.000000 1.000000 -1.000000
-1.000000 1.000000 -1.000000
-1.000000 1.000000 -1.000000
-1.000000 1.000000 1.000000
1.000000 1.000000 1.000000
-1.000000 1.000000 -1.000000
-1.000000 -1.000000 -1.000000
1.000000 -1.000000 -1.000000
1.000000 -1.000000 1.000000
-1.000000 -1.000000 -1.000000
-1.000000 -1.000000 -1.000000
1.000000 -1.000000 1.000000
-1.000000 -1.000000 1.000000
-1.000000 -1.000000 -1.000000
