 0.600648E+02  0.582387E+02  0.589680E+01
 0.610294E+02  0.550000E+02  0.589680E+01
 0.550000E+02  0.550000E+02  0.500000E+01
 0.600648E+02  0.582387E+02  0.589680E+01
 0.575270E+02  0.604644E+02  0.589680E+01
 0.600649E+02  0.582387E+02  0.589680E+01
 0.550000E+02  0.550000E+02  0.500000E+01
 0.575270E+02  0.604644E+02  0.589680E+01
 0.541319E+02  0.609291E+02  0.589680E+01
 0.575270E+02  0.604644E+02  0.589680E+01
 0.550000E+02  0.550000E+02  0.500000E+01
 0.541319E+02  0.609291E+02  0.589680E+01
 0.510406E+02  0.595411E+02  0.589680E+01
 0.541319E+02  0.609291E+02  0.589680E+01
 0.550000E+02  0.550000E+02  0.500000E+01
 0.510406E+02  0.595411E+02  0.589680E+01
 0.492226E+02  0.566827E+02  0.589680E+01
 0.510407E+02  0.595412E+02  0.589680E+01
 0.550000E+02  0.550000E+02  0.500000E+01
 0.492226E+02  0.566827E+02  0.589680E+01
 0.492226E+02  0.533171E+02  0.589680E+01
 0.492227E+02  0.566827E+02  0.589680E+01
 0.550000E+02  0.550000E+02  0.500000E+01
 0.492226E+02  0.533171E+02  0.589680E+01
 0.510406E+02  0.504586E+02  0.589680E+01
 0.492227E+02  0.533172E+02  0.589680E+01
 0.550000E+02  0.550000E+02  0.500000E+01
 0.510406E+02  0.504586E+02  0.589680E+01
 0.550000E+02  0.550000E+02  0.500000E+01
 0.549999E+02  0.549999E+02  0.500000E+01
 0.541319E+02  0.490708E+02  0.589680E+01
 0.550000E+02  0.550000E+02  0.500000E+01
 0.541319E+02  0.490708E+02  0.589680E+01
 0.510407E+02  0.504587E+02  0.589680E+01
 0.550000E+02  0.550000E+02  0.500000E+01
 0.541319E+02  0.490708E+02  0.589680E+01
 0.549999E+02  0.549999E+02  0.500000E+01
 0.550000E+02  0.550000E+02  0.500000E+01
 0.575270E+02  0.495355E+02  0.589680E+01
 0.549999E+02  0.549999E+02  0.500000E+01
 0.575270E+02  0.495354E+02  0.589680E+01
 0.541319E+02  0.490708E+02  0.589680E+01
 0.549999E+02  0.549999E+02  0.500000E+01
 0.575270E+02  0.495354E+02  0.589680E+01
 0.550000E+02  0.550000E+02  0.500000E+01
 0.549999E+02  0.549999E+02  0.500000E+01
 0.600649E+02  0.517612E+02  0.589680E+01
 0.550000E+02  0.550000E+02  0.500000E+01
 0.600648E+02  0.517611E+02  0.589680E+01
 0.575270E+02  0.495355E+02  0.589680E+01
 0.550000E+02  0.550000E+02  0.500000E+01
 0.600648E+02  0.517611E+02  0.589680E+01
 0.549999E+02  0.549999E+02  0.500000E+01
 0.550000E+02  0.550000E+02  0.500000E+01
 0.610294E+02  0.550000E+02  0.589680E+01
 0.549999E+02  0.549999E+02  0.500000E+01
 0.610293E+02  0.550000E+02  0.589680E+01
 0.600649E+02  0.517612E+02  0.589680E+01
 0.549999E+02  0.549999E+02  0.500000E+01
 0.610293E+02  0.550000E+02  0.589680E+01
 0.610294E+02  0.550000E+02  0.589680E+01
 0.600649E+02  0.582387E+02  0.589680E+01
 0.644555E+02  0.610713E+02  0.838090E+01
 0.610294E+02  0.550000E+02  0.589680E+01
 0.644554E+02  0.610713E+02  0.838090E+01
 0.662685E+02  0.550000E+02  0.838090E+01
 0.610293E+02  0.550000E+02  0.589680E+01
 0.644554E+02  0.610713E+02  0.838090E+01
 0.600649E+02  0.582387E+02  0.589680E+01
 0.575270E+02  0.604644E+02  0.589680E+01
 0.597081E+02  0.652435E+02  0.838090E+01
 0.600649E+02  0.582387E+02  0.589680E+01
 0.597080E+02  0.652434E+02  0.838090E+01
 0.644555E+02  0.610713E+02  0.838090E+01
 0.600648E+02  0.582387E+02  0.589680E+01
 0.597080E+02  0.652434E+02  0.838090E+01
 0.575270E+02  0.604644E+02  0.589680E+01
 0.541319E+02  0.609291E+02  0.589680E+01
 0.533835E+02  0.661146E+02  0.838090E+01
 0.575270E+02  0.604644E+02  0.589680E+01
 0.533834E+02  0.661146E+02  0.838090E+01
 0.597081E+02  0.652435E+02  0.838090E+01
 0.575270E+02  0.604644E+02  0.589680E+01
 0.533834E+02  0.661146E+02  0.838090E+01
 0.541319E+02  0.609291E+02  0.589680E+01
 0.510407E+02  0.595412E+02  0.589680E+01
 0.476164E+02  0.635130E+02  0.838090E+01
 0.541319E+02  0.609291E+02  0.589680E+01
 0.476164E+02  0.635130E+02  0.838090E+01
 0.533835E+02  0.661146E+02  0.838090E+01
 0.541319E+02  0.609291E+02  0.589680E+01
 0.476164E+02  0.635130E+02  0.838090E+01
 0.510407E+02  0.595412E+02  0.589680E+01
 0.492227E+02  0.566827E+02  0.589680E+01
 0.442062E+02  0.581544E+02  0.838090E+01
 0.510407E+02  0.595412E+02  0.589680E+01
 0.442061E+02  0.581543E+02  0.838090E+01
 0.476164E+02  0.635130E+02  0.838090E+01
 0.510406E+02  0.595411E+02  0.589680E+01
 0.442061E+02  0.581543E+02  0.838090E+01
 0.492227E+02  0.566827E+02  0.589680E+01
 0.492227E+02  0.533172E+02  0.589680E+01
 0.442062E+02  0.518455E+02  0.838090E+01
 0.492227E+02  0.566827E+02  0.589680E+01
 0.442061E+02  0.518455E+02  0.838090E+01
 0.442062E+02  0.581544E+02  0.838090E+01
 0.492226E+02  0.566827E+02  0.589680E+01
 0.442061E+02  0.518455E+02  0.838090E+01
 0.492227E+02  0.533172E+02  0.589680E+01
 0.510407E+02  0.504587E+02  0.589680E+01
 0.476164E+02  0.464869E+02  0.838090E+01
 0.492227E+02  0.533172E+02  0.589680E+01
 0.476164E+02  0.464869E+02  0.838090E+01
 0.442062E+02  0.518455E+02  0.838090E+01
 0.492226E+02  0.533171E+02  0.589680E+01
 0.476164E+02  0.464869E+02  0.838090E+01
 0.510407E+02  0.504587E+02  0.589680E+01
 0.541319E+02  0.490708E+02  0.589680E+01
 0.533835E+02  0.438853E+02  0.838090E+01
 0.510407E+02  0.504587E+02  0.589680E+01
 0.533834E+02  0.438852E+02  0.838090E+01
 0.476164E+02  0.464869E+02  0.838090E+01
 0.510406E+02  0.504586E+02  0.589680E+01
 0.533834E+02  0.438852E+02  0.838090E+01
 0.541319E+02  0.490708E+02  0.589680E+01
 0.575270E+02  0.495355E+02  0.589680E+01
 0.597081E+02  0.447564E+02  0.838090E+01
 0.541319E+02  0.490708E+02  0.589680E+01
 0.597080E+02  0.447564E+02  0.838090E+01
 0.533835E+02  0.438853E+02  0.838090E+01
 0.541319E+02  0.490708E+02  0.589680E+01
 0.597080E+02  0.447564E+02  0.838090E+01
 0.575270E+02  0.495355E+02  0.589680E+01
 0.600649E+02  0.517612E+02  0.589680E+01
 0.644555E+02  0.489286E+02  0.838090E+01
 0.575270E+02  0.495355E+02  0.589680E+01
 0.644554E+02  0.489286E+02  0.838090E+01
 0.597081E+02  0.447564E+02  0.838090E+01
 0.575270E+02  0.495354E+02  0.589680E+01
 0.644554E+02  0.489286E+02  0.838090E+01
 0.600649E+02  0.517612E+02  0.589680E+01
 0.610294E+02  0.550000E+02  0.589680E+01
 0.662685E+02  0.550000E+02  0.838090E+01
 0.600649E+02  0.517612E+02  0.589680E+01
 0.662685E+02  0.550000E+02  0.838090E+01
 0.644555E+02  0.489286E+02  0.838090E+01
 0.600648E+02  0.517611E+02  0.589680E+01
 0.662685E+02  0.550000E+02  0.838090E+01
 0.662685E+02  0.550000E+02  0.838090E+01
 0.644555E+02  0.610713E+02  0.838090E+01
 0.679673E+02  0.633517E+02  0.121430E+02
 0.662685E+02  0.550000E+02  0.838090E+01
 0.679673E+02  0.633516E+02  0.121429E+02
 0.704664E+02  0.550000E+02  0.121430E+02
 0.662685E+02  0.550000E+02  0.838090E+01
 0.679673E+02  0.633516E+02  0.121429E+02
 0.644555E+02  0.610713E+02  0.838090E+01
 0.597081E+02  0.652435E+02  0.838090E+01
 0.614469E+02  0.690911E+02  0.121430E+02
 0.644555E+02  0.610713E+02  0.838090E+01
 0.614468E+02  0.690911E+02  0.121429E+02
 0.679673E+02  0.633517E+02  0.121430E+02
 0.644554E+02  0.610713E+02  0.838090E+01
 0.614468E+02  0.690911E+02  0.121429E+02
 0.597081E+02  0.652435E+02  0.838090E+01
 0.533835E+02  0.661146E+02  0.838090E+01
 0.527873E+02  0.702894E+02  0.121430E+02
 0.597081E+02  0.652435E+02  0.838090E+01
 0.527873E+02  0.702893E+02  0.121429E+02
 0.614469E+02  0.690911E+02  0.121430E+02
 0.597080E+02  0.652434E+02  0.838090E+01
 0.527873E+02  0.702893E+02  0.121429E+02
 0.533835E+02  0.661146E+02  0.838090E+01
 0.476164E+02  0.635130E+02  0.838090E+01
 0.448821E+02  0.667106E+02  0.121430E+02
 0.533835E+02  0.661146E+02  0.838090E+01
 0.448820E+02  0.667106E+02  0.121429E+02
 0.527873E+02  0.702894E+02  0.121430E+02
 0.533834E+02  0.661146E+02  0.838090E+01
 0.448820E+02  0.667106E+02  0.121429E+02
 0.476164E+02  0.635130E+02  0.838090E+01
 0.442062E+02  0.581544E+02  0.838090E+01
 0.401888E+02  0.593392E+02  0.121430E+02
 0.476164E+02  0.635130E+02  0.838090E+01
 0.401888E+02  0.593391E+02  0.121429E+02
 0.448821E+02  0.667106E+02  0.121430E+02
 0.476164E+02  0.635130E+02  0.838090E+01
 0.401888E+02  0.593391E+02  0.121429E+02
 0.442062E+02  0.581544E+02  0.838090E+01
 0.442062E+02  0.518455E+02  0.838090E+01
 0.401888E+02  0.506606E+02  0.121430E+02
 0.442062E+02  0.581544E+02  0.838090E+01
 0.401888E+02  0.506605E+02  0.121429E+02
 0.401888E+02  0.593392E+02  0.121430E+02
 0.442061E+02  0.581543E+02  0.838090E+01
 0.401888E+02  0.506605E+02  0.121429E+02
 0.442062E+02  0.518455E+02  0.838090E+01
 0.476164E+02  0.464869E+02  0.838090E+01
 0.448821E+02  0.432893E+02  0.121430E+02
 0.442062E+02  0.518455E+02  0.838090E+01
 0.448820E+02  0.432892E+02  0.121429E+02
 0.401888E+02  0.506606E+02  0.121430E+02
 0.442061E+02  0.518455E+02  0.838090E+01
 0.448820E+02  0.432892E+02  0.121429E+02
 0.476164E+02  0.464869E+02  0.838090E+01
 0.533835E+02  0.438853E+02  0.838090E+01
 0.527873E+02  0.397105E+02  0.121430E+02
 0.476164E+02  0.464869E+02  0.838090E+01
 0.527873E+02  0.397104E+02  0.121429E+02
 0.448821E+02  0.432893E+02  0.121430E+02
 0.476164E+02  0.464869E+02  0.838090E+01
 0.527873E+02  0.397104E+02  0.121429E+02
 0.533835E+02  0.438853E+02  0.838090E+01
 0.597081E+02  0.447564E+02  0.838090E+01
 0.614469E+02  0.409088E+02  0.121430E+02
 0.533835E+02  0.438853E+02  0.838090E+01
 0.614468E+02  0.409087E+02  0.121429E+02
 0.527873E+02  0.397105E+02  0.121430E+02
 0.533834E+02  0.438852E+02  0.838090E+01
 0.614468E+02  0.409087E+02  0.121429E+02
 0.597081E+02  0.447564E+02  0.838090E+01
 0.644555E+02  0.489286E+02  0.838090E+01
 0.679673E+02  0.466482E+02  0.121430E+02
 0.597081E+02  0.447564E+02  0.838090E+01
 0.679673E+02  0.466482E+02  0.121429E+02
 0.614469E+02  0.409088E+02  0.121430E+02
 0.597080E+02  0.447564E+02  0.838090E+01
 0.679673E+02  0.466482E+02  0.121429E+02
 0.644555E+02  0.489286E+02  0.838090E+01
 0.662685E+02  0.550000E+02  0.838090E+01
 0.704664E+02  0.550000E+02  0.121430E+02
 0.644555E+02  0.489286E+02  0.838090E+01
 0.704664E+02  0.550000E+02  0.121429E+02
 0.679673E+02  0.466482E+02  0.121430E+02
 0.644554E+02  0.489286E+02  0.838090E+01
 0.704664E+02  0.550000E+02  0.121429E+02
 0.704664E+02  0.550000E+02  0.121430E+02
 0.679673E+02  0.633517E+02  0.121430E+02
 0.703968E+02  0.649351E+02  0.168731E+02
 0.704664E+02  0.550000E+02  0.121430E+02
 0.703967E+02  0.649350E+02  0.168731E+02
 0.733734E+02  0.550000E+02  0.168731E+02
 0.704664E+02  0.550000E+02  0.121429E+02
 0.703967E+02  0.649350E+02  0.168731E+02
 0.679673E+02  0.633517E+02  0.121430E+02
 0.614469E+02  0.690911E+02  0.121430E+02
 0.626478E+02  0.717625E+02  0.168731E+02
 0.679673E+02  0.633517E+02  0.121430E+02
 0.626478E+02  0.717624E+02  0.168731E+02
 0.703968E+02  0.649351E+02  0.168731E+02
 0.679673E+02  0.633516E+02  0.121429E+02
 0.626478E+02  0.717624E+02  0.168731E+02
 0.614469E+02  0.690911E+02  0.121430E+02
 0.527873E+02  0.702894E+02  0.121430E+02
 0.523757E+02  0.731880E+02  0.168731E+02
 0.614469E+02  0.690911E+02  0.121430E+02
 0.523757E+02  0.731880E+02  0.168731E+02
 0.626478E+02  0.717625E+02  0.168731E+02
 0.614468E+02  0.690911E+02  0.121429E+02
 0.523757E+02  0.731880E+02  0.168731E+02
 0.527873E+02  0.702894E+02  0.121430E+02
 0.448821E+02  0.667106E+02  0.121430E+02
 0.429922E+02  0.689307E+02  0.168731E+02
 0.527873E+02  0.702894E+02  0.121430E+02
 0.429921E+02  0.689307E+02  0.168731E+02
 0.523757E+02  0.731880E+02  0.168731E+02
 0.527873E+02  0.702893E+02  0.121429E+02
 0.429921E+02  0.689307E+02  0.168731E+02
 0.448821E+02  0.667106E+02  0.121430E+02
 0.401888E+02  0.593392E+02  0.121430E+02
 0.374075E+02  0.601619E+02  0.168731E+02
 0.448821E+02  0.667106E+02  0.121430E+02
 0.374075E+02  0.601618E+02  0.168731E+02
 0.429922E+02  0.689307E+02  0.168731E+02
 0.448820E+02  0.667106E+02  0.121429E+02
 0.374075E+02  0.601618E+02  0.168731E+02
 0.401888E+02  0.593392E+02  0.121430E+02
 0.401888E+02  0.506606E+02  0.121430E+02
 0.374075E+02  0.498380E+02  0.168731E+02
 0.401888E+02  0.593392E+02  0.121430E+02
 0.374075E+02  0.498380E+02  0.168731E+02
 0.374075E+02  0.601619E+02  0.168731E+02
 0.401888E+02  0.593391E+02  0.121429E+02
 0.374075E+02  0.498380E+02  0.168731E+02
 0.401888E+02  0.506606E+02  0.121430E+02
 0.448821E+02  0.432893E+02  0.121430E+02
 0.429922E+02  0.410691E+02  0.168731E+02
 0.401888E+02  0.506606E+02  0.121430E+02
 0.429921E+02  0.410690E+02  0.168731E+02
 0.374075E+02  0.498380E+02  0.168731E+02
 0.401888E+02  0.506605E+02  0.121429E+02
 0.429921E+02  0.410690E+02  0.168731E+02
 0.448821E+02  0.432893E+02  0.121430E+02
 0.527873E+02  0.397105E+02  0.121430E+02
 0.523757E+02  0.368119E+02  0.168731E+02
 0.448821E+02  0.432893E+02  0.121430E+02
 0.523757E+02  0.368119E+02  0.168731E+02
 0.429922E+02  0.410691E+02  0.168731E+02
 0.448820E+02  0.432892E+02  0.121429E+02
 0.523757E+02  0.368119E+02  0.168731E+02
 0.527873E+02  0.397105E+02  0.121430E+02
 0.614469E+02  0.409088E+02  0.121430E+02
 0.626478E+02  0.382374E+02  0.168731E+02
 0.527873E+02  0.397105E+02  0.121430E+02
 0.626478E+02  0.382374E+02  0.168731E+02
 0.523757E+02  0.368119E+02  0.168731E+02
 0.527873E+02  0.397104E+02  0.121429E+02
 0.626478E+02  0.382374E+02  0.168731E+02
 0.614469E+02  0.409088E+02  0.121430E+02
 0.679673E+02  0.466482E+02  0.121430E+02
 0.703968E+02  0.450648E+02  0.168731E+02
 0.614469E+02  0.409088E+02  0.121430E+02
 0.703967E+02  0.450648E+02  0.168731E+02
 0.626478E+02  0.382374E+02  0.168731E+02
 0.614468E+02  0.409087E+02  0.121429E+02
 0.703967E+02  0.450648E+02  0.168731E+02
 0.679673E+02  0.466482E+02  0.121430E+02
 0.704664E+02  0.550000E+02  0.121430E+02
 0.733734E+02  0.550000E+02  0.168731E+02
 0.679673E+02  0.466482E+02  0.121430E+02
 0.733733E+02  0.550000E+02  0.168731E+02
 0.703968E+02  0.450648E+02  0.168731E+02
 0.679673E+02  0.466482E+02  0.121429E+02
 0.733733E+02  0.550000E+02  0.168731E+02
 0.733734E+02  0.550000E+02  0.168731E+02
 0.703968E+02  0.649351E+02  0.168731E+02
 0.716166E+02  0.657304E+02  0.222217E+02
 0.733734E+02  0.550000E+02  0.168731E+02
 0.716166E+02  0.657304E+02  0.222217E+02
 0.748331E+02  0.550000E+02  0.222217E+02
 0.733733E+02  0.550000E+02  0.168731E+02
 0.716166E+02  0.657304E+02  0.222217E+02
 0.703968E+02  0.649351E+02  0.168731E+02
 0.626478E+02  0.717625E+02  0.168731E+02
 0.632505E+02  0.731043E+02  0.222217E+02
 0.703968E+02  0.649351E+02  0.168731E+02
 0.632504E+02  0.731043E+02  0.222217E+02
 0.716166E+02  0.657304E+02  0.222217E+02
 0.703967E+02  0.649350E+02  0.168731E+02
 0.632504E+02  0.731043E+02  0.222217E+02
 0.626478E+02  0.717625E+02  0.168731E+02
 0.523757E+02  0.731880E+02  0.168731E+02
 0.521691E+02  0.746439E+02  0.222217E+02
 0.626478E+02  0.717625E+02  0.168731E+02
 0.521691E+02  0.746438E+02  0.222217E+02
 0.632505E+02  0.731043E+02  0.222217E+02
 0.626478E+02  0.717624E+02  0.168731E+02
 0.521691E+02  0.746438E+02  0.222217E+02
 0.523757E+02  0.731880E+02  0.168731E+02
 0.429922E+02  0.689307E+02  0.168731E+02
 0.420434E+02  0.700459E+02  0.222217E+02
 0.523757E+02  0.731880E+02  0.168731E+02
 0.420433E+02  0.700458E+02  0.222217E+02
 0.521691E+02  0.746439E+02  0.222217E+02
 0.523757E+02  0.731880E+02  0.168731E+02
 0.420433E+02  0.700458E+02  0.222217E+02
 0.429922E+02  0.689307E+02  0.168731E+02
 0.374075E+02  0.601619E+02  0.168731E+02
 0.360110E+02  0.605751E+02  0.222217E+02
 0.429922E+02  0.689307E+02  0.168731E+02
 0.360110E+02  0.605750E+02  0.222217E+02
 0.420434E+02  0.700459E+02  0.222217E+02
 0.429921E+02  0.689307E+02  0.168731E+02
 0.360110E+02  0.605750E+02  0.222217E+02
 0.374075E+02  0.601619E+02  0.168731E+02
 0.374075E+02  0.498380E+02  0.168731E+02
 0.360110E+02  0.494248E+02  0.222217E+02
 0.374075E+02  0.601619E+02  0.168731E+02
 0.360110E+02  0.494248E+02  0.222217E+02
 0.360110E+02  0.605751E+02  0.222217E+02
 0.374075E+02  0.601618E+02  0.168731E+02
 0.360110E+02  0.494248E+02  0.222217E+02
 0.374075E+02  0.498380E+02  0.168731E+02
 0.429922E+02  0.410691E+02  0.168731E+02
 0.420434E+02  0.399540E+02  0.222217E+02
 0.374075E+02  0.498380E+02  0.168731E+02
 0.420433E+02  0.399539E+02  0.222217E+02
 0.360110E+02  0.494248E+02  0.222217E+02
 0.374075E+02  0.498380E+02  0.168731E+02
 0.420433E+02  0.399539E+02  0.222217E+02
 0.429922E+02  0.410691E+02  0.168731E+02
 0.523757E+02  0.368119E+02  0.168731E+02
 0.521691E+02  0.353560E+02  0.222217E+02
 0.429922E+02  0.410691E+02  0.168731E+02
 0.521691E+02  0.353559E+02  0.222217E+02
 0.420434E+02  0.399540E+02  0.222217E+02
 0.429921E+02  0.410690E+02  0.168731E+02
 0.521691E+02  0.353559E+02  0.222217E+02
 0.523757E+02  0.368119E+02  0.168731E+02
 0.626478E+02  0.382374E+02  0.168731E+02
 0.632505E+02  0.368956E+02  0.222217E+02
 0.523757E+02  0.368119E+02  0.168731E+02
 0.632504E+02  0.368955E+02  0.222217E+02
 0.521691E+02  0.353560E+02  0.222217E+02
 0.523757E+02  0.368119E+02  0.168731E+02
 0.632504E+02  0.368955E+02  0.222217E+02
 0.626478E+02  0.382374E+02  0.168731E+02
 0.703968E+02  0.450648E+02  0.168731E+02
 0.716166E+02  0.442695E+02  0.222217E+02
 0.626478E+02  0.382374E+02  0.168731E+02
 0.716166E+02  0.442695E+02  0.222217E+02
 0.632505E+02  0.368956E+02  0.222217E+02
 0.626478E+02  0.382374E+02  0.168731E+02
 0.716166E+02  0.442695E+02  0.222217E+02
 0.703968E+02  0.450648E+02  0.168731E+02
 0.733734E+02  0.550000E+02  0.168731E+02
 0.748331E+02  0.550000E+02  0.222217E+02
 0.703968E+02  0.450648E+02  0.168731E+02
 0.748330E+02  0.550000E+02  0.222217E+02
 0.716166E+02  0.442695E+02  0.222217E+02
 0.703967E+02  0.450648E+02  0.168731E+02
 0.748330E+02  0.550000E+02  0.222217E+02
 0.748331E+02  0.550000E+02  0.222217E+02
 0.716166E+02  0.657304E+02  0.222217E+02
 0.716166E+02  0.657304E+02  0.277782E+02
 0.748331E+02  0.550000E+02  0.222217E+02
 0.716166E+02  0.657304E+02  0.277782E+02
 0.748331E+02  0.549999E+02  0.277782E+02
 0.748330E+02  0.550000E+02  0.222217E+02
 0.716166E+02  0.657304E+02  0.277782E+02
 0.716166E+02  0.657304E+02  0.222217E+02
 0.632505E+02  0.731043E+02  0.222217E+02
 0.632505E+02  0.731043E+02  0.277782E+02
 0.716166E+02  0.657304E+02  0.222217E+02
 0.632504E+02  0.731043E+02  0.277782E+02
 0.716166E+02  0.657304E+02  0.277782E+02
 0.716166E+02  0.657304E+02  0.222217E+02
 0.632504E+02  0.731043E+02  0.277782E+02
 0.632505E+02  0.731043E+02  0.222217E+02
 0.521691E+02  0.746439E+02  0.222217E+02
 0.521691E+02  0.746439E+02  0.277782E+02
 0.632505E+02  0.731043E+02  0.222217E+02
 0.521691E+02  0.746438E+02  0.277782E+02
 0.632505E+02  0.731043E+02  0.277782E+02
 0.632504E+02  0.731043E+02  0.222217E+02
 0.521691E+02  0.746438E+02  0.277782E+02
 0.521691E+02  0.746439E+02  0.222217E+02
 0.420434E+02  0.700459E+02  0.222217E+02
 0.420434E+02  0.700459E+02  0.277782E+02
 0.521691E+02  0.746439E+02  0.222217E+02
 0.420433E+02  0.700458E+02  0.277782E+02
 0.521691E+02  0.746439E+02  0.277782E+02
 0.521691E+02  0.746438E+02  0.222217E+02
 0.420433E+02  0.700458E+02  0.277782E+02
 0.420434E+02  0.700459E+02  0.222217E+02
 0.360110E+02  0.605751E+02  0.222217E+02
 0.360110E+02  0.605751E+02  0.277782E+02
 0.420434E+02  0.700459E+02  0.222217E+02
 0.360110E+02  0.605750E+02  0.277782E+02
 0.420434E+02  0.700459E+02  0.277782E+02
 0.420433E+02  0.700458E+02  0.222217E+02
 0.360110E+02  0.605750E+02  0.277782E+02
 0.360110E+02  0.605751E+02  0.222217E+02
 0.360110E+02  0.494248E+02  0.222217E+02
 0.360110E+02  0.494248E+02  0.277782E+02
 0.360110E+02  0.605751E+02  0.222217E+02
 0.360110E+02  0.494248E+02  0.277782E+02
 0.360110E+02  0.605751E+02  0.277782E+02
 0.360110E+02  0.605750E+02  0.222217E+02
 0.360110E+02  0.494248E+02  0.277782E+02
 0.360110E+02  0.494248E+02  0.222217E+02
 0.420434E+02  0.399540E+02  0.222217E+02
 0.420434E+02  0.399540E+02  0.277782E+02
 0.360110E+02  0.494248E+02  0.222217E+02
 0.420433E+02  0.399539E+02  0.277782E+02
 0.360110E+02  0.494248E+02  0.277782E+02
 0.360110E+02  0.494248E+02  0.222217E+02
 0.420433E+02  0.399539E+02  0.277782E+02
 0.420434E+02  0.399540E+02  0.222217E+02
 0.521691E+02  0.353560E+02  0.222217E+02
 0.521691E+02  0.353560E+02  0.277782E+02
 0.420434E+02  0.399540E+02  0.222217E+02
 0.521691E+02  0.353559E+02  0.277782E+02
 0.420434E+02  0.399540E+02  0.277782E+02
 0.420433E+02  0.399539E+02  0.222217E+02
 0.521691E+02  0.353559E+02  0.277782E+02
 0.521691E+02  0.353560E+02  0.222217E+02
 0.632505E+02  0.368956E+02  0.222217E+02
 0.632505E+02  0.368956E+02  0.277782E+02
 0.521691E+02  0.353560E+02  0.222217E+02
 0.632504E+02  0.368955E+02  0.277782E+02
 0.521691E+02  0.353560E+02  0.277782E+02
 0.521691E+02  0.353559E+02  0.222217E+02
 0.632504E+02  0.368955E+02  0.277782E+02
 0.632505E+02  0.368956E+02  0.222217E+02
 0.716166E+02  0.442695E+02  0.222217E+02
 0.716166E+02  0.442695E+02  0.277782E+02
 0.632505E+02  0.368956E+02  0.222217E+02
 0.716166E+02  0.442695E+02  0.277782E+02
 0.632505E+02  0.368956E+02  0.277782E+02
 0.632504E+02  0.368955E+02  0.222217E+02
 0.716166E+02  0.442695E+02  0.277782E+02
 0.716166E+02  0.442695E+02  0.222217E+02
 0.748331E+02  0.550000E+02  0.222217E+02
 0.748331E+02  0.549999E+02  0.277782E+02
 0.716166E+02  0.442695E+02  0.222217E+02
 0.748330E+02  0.549999E+02  0.277782E+02
 0.716166E+02  0.442695E+02  0.277782E+02
 0.716166E+02  0.442695E+02  0.222217E+02
 0.748330E+02  0.549999E+02  0.277782E+02
 0.748331E+02  0.549999E+02  0.277782E+02
 0.716166E+02  0.657304E+02  0.277782E+02
 0.703968E+02  0.649351E+02  0.331268E+02
 0.748331E+02  0.549999E+02  0.277782E+02
 0.703967E+02  0.649350E+02  0.331268E+02
 0.733734E+02  0.549999E+02  0.331268E+02
 0.748330E+02  0.549999E+02  0.277782E+02
 0.703967E+02  0.649350E+02  0.331268E+02
 0.716166E+02  0.657304E+02  0.277782E+02
 0.632505E+02  0.731043E+02  0.277782E+02
 0.626477E+02  0.717625E+02  0.331268E+02
 0.716166E+02  0.657304E+02  0.277782E+02
 0.626477E+02  0.717624E+02  0.331268E+02
 0.703968E+02  0.649351E+02  0.331268E+02
 0.716166E+02  0.657304E+02  0.277782E+02
 0.626477E+02  0.717624E+02  0.331268E+02
 0.632505E+02  0.731043E+02  0.277782E+02
 0.521691E+02  0.746439E+02  0.277782E+02
 0.523757E+02  0.731880E+02  0.331268E+02
 0.632505E+02  0.731043E+02  0.277782E+02
 0.523757E+02  0.731880E+02  0.331268E+02
 0.626477E+02  0.717625E+02  0.331268E+02
 0.632504E+02  0.731043E+02  0.277782E+02
 0.523757E+02  0.731880E+02  0.331268E+02
 0.521691E+02  0.746439E+02  0.277782E+02
 0.420434E+02  0.700459E+02  0.277782E+02
 0.429922E+02  0.689308E+02  0.331268E+02
 0.521691E+02  0.746439E+02  0.277782E+02
 0.429921E+02  0.689308E+02  0.331268E+02
 0.523757E+02  0.731880E+02  0.331268E+02
 0.521691E+02  0.746438E+02  0.277782E+02
 0.429921E+02  0.689308E+02  0.331268E+02
 0.420434E+02  0.700459E+02  0.277782E+02
 0.360110E+02  0.605751E+02  0.277782E+02
 0.374075E+02  0.601619E+02  0.331268E+02
 0.420434E+02  0.700459E+02  0.277782E+02
 0.374075E+02  0.601618E+02  0.331268E+02
 0.429922E+02  0.689308E+02  0.331268E+02
 0.420433E+02  0.700458E+02  0.277782E+02
 0.374075E+02  0.601618E+02  0.331268E+02
 0.360110E+02  0.605751E+02  0.277782E+02
 0.360110E+02  0.494248E+02  0.277782E+02
 0.374075E+02  0.498380E+02  0.331268E+02
 0.360110E+02  0.605751E+02  0.277782E+02
 0.374075E+02  0.498380E+02  0.331268E+02
 0.374075E+02  0.601619E+02  0.331268E+02
 0.360110E+02  0.605750E+02  0.277782E+02
 0.374075E+02  0.498380E+02  0.331268E+02
 0.360110E+02  0.494248E+02  0.277782E+02
 0.420434E+02  0.399540E+02  0.277782E+02
 0.429922E+02  0.410691E+02  0.331268E+02
 0.360110E+02  0.494248E+02  0.277782E+02
 0.429921E+02  0.410690E+02  0.331268E+02
 0.374075E+02  0.498380E+02  0.331268E+02
 0.360110E+02  0.494248E+02  0.277782E+02
 0.429921E+02  0.410690E+02  0.331268E+02
 0.420434E+02  0.399540E+02  0.277782E+02
 0.521691E+02  0.353560E+02  0.277782E+02
 0.523757E+02  0.368119E+02  0.331268E+02
 0.420434E+02  0.399540E+02  0.277782E+02
 0.523757E+02  0.368119E+02  0.331268E+02
 0.429922E+02  0.410691E+02  0.331268E+02
 0.420433E+02  0.399539E+02  0.277782E+02
 0.523757E+02  0.368119E+02  0.331268E+02
 0.521691E+02  0.353560E+02  0.277782E+02
 0.632505E+02  0.368956E+02  0.277782E+02
 0.626477E+02  0.382374E+02  0.331268E+02
 0.521691E+02  0.353560E+02  0.277782E+02
 0.626477E+02  0.382374E+02  0.331268E+02
 0.523757E+02  0.368119E+02  0.331268E+02
 0.521691E+02  0.353559E+02  0.277782E+02
 0.626477E+02  0.382374E+02  0.331268E+02
 0.632505E+02  0.368956E+02  0.277782E+02
 0.716166E+02  0.442695E+02  0.277782E+02
 0.703968E+02  0.450648E+02  0.331268E+02
 0.632505E+02  0.368956E+02  0.277782E+02
 0.703967E+02  0.450648E+02  0.331268E+02
 0.626477E+02  0.382374E+02  0.331268E+02
 0.632504E+02  0.368955E+02  0.277782E+02
 0.703967E+02  0.450648E+02  0.331268E+02
 0.716166E+02  0.442695E+02  0.277782E+02
 0.748331E+02  0.549999E+02  0.277782E+02
 0.733734E+02  0.549999E+02  0.331268E+02
 0.716166E+02  0.442695E+02  0.277782E+02
 0.733733E+02  0.549999E+02  0.331268E+02
 0.703968E+02  0.450648E+02  0.331268E+02
 0.716166E+02  0.442695E+02  0.277782E+02
 0.733733E+02  0.549999E+02  0.331268E+02
 0.733734E+02  0.549999E+02  0.331268E+02
 0.703968E+02  0.649351E+02  0.331268E+02
 0.679673E+02  0.633517E+02  0.378569E+02
 0.733734E+02  0.549999E+02  0.331268E+02
 0.679673E+02  0.633516E+02  0.378568E+02
 0.704664E+02  0.549999E+02  0.378569E+02
 0.733733E+02  0.549999E+02  0.331268E+02
 0.679673E+02  0.633516E+02  0.378568E+02
 0.703968E+02  0.649351E+02  0.331268E+02
 0.626477E+02  0.717625E+02  0.331268E+02
 0.614469E+02  0.690911E+02  0.378569E+02
 0.703968E+02  0.649351E+02  0.331268E+02
 0.614468E+02  0.690911E+02  0.378568E+02
 0.679673E+02  0.633517E+02  0.378569E+02
 0.703967E+02  0.649350E+02  0.331268E+02
 0.614468E+02  0.690911E+02  0.378568E+02
 0.626477E+02  0.717625E+02  0.331268E+02
 0.523757E+02  0.731880E+02  0.331268E+02
 0.527873E+02  0.702894E+02  0.378569E+02
 0.626477E+02  0.717625E+02  0.331268E+02
 0.527873E+02  0.702893E+02  0.378568E+02
 0.614469E+02  0.690911E+02  0.378569E+02
 0.626477E+02  0.717624E+02  0.331268E+02
 0.527873E+02  0.702893E+02  0.378568E+02
 0.523757E+02  0.731880E+02  0.331268E+02
 0.429922E+02  0.689308E+02  0.331268E+02
 0.448821E+02  0.667106E+02  0.378569E+02
 0.523757E+02  0.731880E+02  0.331268E+02
 0.448820E+02  0.667106E+02  0.378568E+02
 0.527873E+02  0.702894E+02  0.378569E+02
 0.523757E+02  0.731880E+02  0.331268E+02
 0.448820E+02  0.667106E+02  0.378568E+02
 0.429922E+02  0.689308E+02  0.331268E+02
 0.374075E+02  0.601619E+02  0.331268E+02
 0.401888E+02  0.593392E+02  0.378569E+02
 0.429922E+02  0.689308E+02  0.331268E+02
 0.401888E+02  0.593391E+02  0.378568E+02
 0.448821E+02  0.667106E+02  0.378569E+02
 0.429921E+02  0.689308E+02  0.331268E+02
 0.401888E+02  0.593391E+02  0.378568E+02
 0.374075E+02  0.601619E+02  0.331268E+02
 0.374075E+02  0.498380E+02  0.331268E+02
 0.401888E+02  0.506607E+02  0.378569E+02
 0.374075E+02  0.601619E+02  0.331268E+02
 0.401888E+02  0.506607E+02  0.378568E+02
 0.401888E+02  0.593392E+02  0.378569E+02
 0.374075E+02  0.601618E+02  0.331268E+02
 0.401888E+02  0.506607E+02  0.378568E+02
 0.374075E+02  0.498380E+02  0.331268E+02
 0.429922E+02  0.410691E+02  0.331268E+02
 0.448821E+02  0.432893E+02  0.378569E+02
 0.374075E+02  0.498380E+02  0.331268E+02
 0.448820E+02  0.432892E+02  0.378568E+02
 0.401888E+02  0.506607E+02  0.378569E+02
 0.374075E+02  0.498380E+02  0.331268E+02
 0.448820E+02  0.432892E+02  0.378568E+02
 0.429922E+02  0.410691E+02  0.331268E+02
 0.523757E+02  0.368119E+02  0.331268E+02
 0.527873E+02  0.397105E+02  0.378569E+02
 0.429922E+02  0.410691E+02  0.331268E+02
 0.527873E+02  0.397104E+02  0.378568E+02
 0.448821E+02  0.432893E+02  0.378569E+02
 0.429921E+02  0.410690E+02  0.331268E+02
 0.527873E+02  0.397104E+02  0.378568E+02
 0.523757E+02  0.368119E+02  0.331268E+02
 0.626477E+02  0.382374E+02  0.331268E+02
 0.614469E+02  0.409088E+02  0.378569E+02
 0.523757E+02  0.368119E+02  0.331268E+02
 0.614468E+02  0.409087E+02  0.378568E+02
 0.527873E+02  0.397105E+02  0.378569E+02
 0.523757E+02  0.368119E+02  0.331268E+02
 0.614468E+02  0.409087E+02  0.378568E+02
 0.626477E+02  0.382374E+02  0.331268E+02
 0.703968E+02  0.450648E+02  0.331268E+02
 0.679673E+02  0.466482E+02  0.378569E+02
 0.626477E+02  0.382374E+02  0.331268E+02
 0.679673E+02  0.466482E+02  0.378568E+02
 0.614469E+02  0.409088E+02  0.378569E+02
 0.626477E+02  0.382374E+02  0.331268E+02
 0.679673E+02  0.466482E+02  0.378568E+02
 0.703968E+02  0.450648E+02  0.331268E+02
 0.733734E+02  0.549999E+02  0.331268E+02
 0.704664E+02  0.549999E+02  0.378569E+02
 0.703968E+02  0.450648E+02  0.331268E+02
 0.704664E+02  0.549999E+02  0.378568E+02
 0.679673E+02  0.466482E+02  0.378569E+02
 0.703967E+02  0.450648E+02  0.331268E+02
 0.704664E+02  0.549999E+02  0.378568E+02
 0.704664E+02  0.549999E+02  0.378569E+02
 0.679673E+02  0.633517E+02  0.378569E+02
 0.644555E+02  0.610713E+02  0.416190E+02
 0.704664E+02  0.549999E+02  0.378569E+02
 0.644554E+02  0.610713E+02  0.416189E+02
 0.662685E+02  0.549999E+02  0.416190E+02
 0.704664E+02  0.549999E+02  0.378568E+02
 0.644554E+02  0.610713E+02  0.416189E+02
 0.679673E+02  0.633517E+02  0.378569E+02
 0.614469E+02  0.690911E+02  0.378569E+02
 0.597081E+02  0.652435E+02  0.416190E+02
 0.679673E+02  0.633517E+02  0.378569E+02
 0.597080E+02  0.652434E+02  0.416189E+02
 0.644555E+02  0.610713E+02  0.416190E+02
 0.679673E+02  0.633516E+02  0.378568E+02
 0.597080E+02  0.652434E+02  0.416189E+02
 0.614469E+02  0.690911E+02  0.378569E+02
 0.527873E+02  0.702894E+02  0.378569E+02
 0.533835E+02  0.661146E+02  0.416190E+02
 0.614469E+02  0.690911E+02  0.378569E+02
 0.533834E+02  0.661146E+02  0.416189E+02
 0.597081E+02  0.652435E+02  0.416190E+02
 0.614468E+02  0.690911E+02  0.378568E+02
 0.533834E+02  0.661146E+02  0.416189E+02
 0.527873E+02  0.702894E+02  0.378569E+02
 0.448821E+02  0.667106E+02  0.378569E+02
 0.476164E+02  0.635130E+02  0.416190E+02
 0.527873E+02  0.702894E+02  0.378569E+02
 0.476164E+02  0.635130E+02  0.416189E+02
 0.533835E+02  0.661146E+02  0.416190E+02
 0.527873E+02  0.702893E+02  0.378568E+02
 0.476164E+02  0.635130E+02  0.416189E+02
 0.448821E+02  0.667106E+02  0.378569E+02
 0.401888E+02  0.593392E+02  0.378569E+02
 0.442062E+02  0.581544E+02  0.416190E+02
 0.448821E+02  0.667106E+02  0.378569E+02
 0.442061E+02  0.581543E+02  0.416189E+02
 0.476164E+02  0.635130E+02  0.416190E+02
 0.448820E+02  0.667106E+02  0.378568E+02
 0.442061E+02  0.581543E+02  0.416189E+02
 0.401888E+02  0.593392E+02  0.378569E+02
 0.401888E+02  0.506607E+02  0.378569E+02
 0.442062E+02  0.518455E+02  0.416190E+02
 0.401888E+02  0.593392E+02  0.378569E+02
 0.442061E+02  0.518455E+02  0.416189E+02
 0.442062E+02  0.581544E+02  0.416190E+02
 0.401888E+02  0.593391E+02  0.378568E+02
 0.442061E+02  0.518455E+02  0.416189E+02
 0.401888E+02  0.506607E+02  0.378569E+02
 0.448821E+02  0.432893E+02  0.378569E+02
 0.476164E+02  0.464869E+02  0.416190E+02
 0.401888E+02  0.506607E+02  0.378569E+02
 0.476164E+02  0.464869E+02  0.416189E+02
 0.442062E+02  0.518455E+02  0.416190E+02
 0.401888E+02  0.506607E+02  0.378568E+02
 0.476164E+02  0.464869E+02  0.416189E+02
 0.448821E+02  0.432893E+02  0.378569E+02
 0.527873E+02  0.397105E+02  0.378569E+02
 0.533835E+02  0.438853E+02  0.416190E+02
 0.448821E+02  0.432893E+02  0.378569E+02
 0.533834E+02  0.438852E+02  0.416189E+02
 0.476164E+02  0.464869E+02  0.416190E+02
 0.448820E+02  0.432892E+02  0.378568E+02
 0.533834E+02  0.438852E+02  0.416189E+02
 0.527873E+02  0.397105E+02  0.378569E+02
 0.614469E+02  0.409088E+02  0.378569E+02
 0.597081E+02  0.447564E+02  0.416190E+02
 0.527873E+02  0.397105E+02  0.378569E+02
 0.597080E+02  0.447564E+02  0.416189E+02
 0.533835E+02  0.438853E+02  0.416190E+02
 0.527873E+02  0.397104E+02  0.378568E+02
 0.597080E+02  0.447564E+02  0.416189E+02
 0.614469E+02  0.409088E+02  0.378569E+02
 0.679673E+02  0.466482E+02  0.378569E+02
 0.644555E+02  0.489286E+02  0.416190E+02
 0.614469E+02  0.409088E+02  0.378569E+02
 0.644554E+02  0.489286E+02  0.416189E+02
 0.597081E+02  0.447564E+02  0.416190E+02
 0.614468E+02  0.409087E+02  0.378568E+02
 0.644554E+02  0.489286E+02  0.416189E+02
 0.679673E+02  0.466482E+02  0.378569E+02
 0.704664E+02  0.549999E+02  0.378569E+02
 0.662685E+02  0.549999E+02  0.416190E+02
 0.679673E+02  0.466482E+02  0.378569E+02
 0.662685E+02  0.549999E+02  0.416189E+02
 0.644555E+02  0.489286E+02  0.416190E+02
 0.679673E+02  0.466482E+02  0.378568E+02
 0.662685E+02  0.549999E+02  0.416189E+02
 0.662685E+02  0.549999E+02  0.416190E+02
 0.644555E+02  0.610713E+02  0.416190E+02
 0.600649E+02  0.582387E+02  0.441031E+02
 0.662685E+02  0.549999E+02  0.416190E+02
 0.600648E+02  0.582387E+02  0.441030E+02
 0.610294E+02  0.550000E+02  0.441031E+02
 0.662685E+02  0.549999E+02  0.416189E+02
 0.600648E+02  0.582387E+02  0.441030E+02
 0.644555E+02  0.610713E+02  0.416190E+02
 0.597081E+02  0.652435E+02  0.416190E+02
 0.575270E+02  0.604644E+02  0.441031E+02
 0.644555E+02  0.610713E+02  0.416190E+02
 0.575270E+02  0.604644E+02  0.441030E+02
 0.600649E+02  0.582387E+02  0.441031E+02
 0.644554E+02  0.610713E+02  0.416189E+02
 0.575270E+02  0.604644E+02  0.441030E+02
 0.597081E+02  0.652435E+02  0.416190E+02
 0.533835E+02  0.661146E+02  0.416190E+02
 0.541319E+02  0.609291E+02  0.441031E+02
 0.597081E+02  0.652435E+02  0.416190E+02
 0.541319E+02  0.609291E+02  0.441030E+02
 0.575270E+02  0.604644E+02  0.441031E+02
 0.597080E+02  0.652434E+02  0.416189E+02
 0.541319E+02  0.609291E+02  0.441030E+02
 0.533835E+02  0.661146E+02  0.416190E+02
 0.476164E+02  0.635130E+02  0.416190E+02
 0.510407E+02  0.595412E+02  0.441032E+02
 0.533835E+02  0.661146E+02  0.416190E+02
 0.510406E+02  0.595411E+02  0.441031E+02
 0.541319E+02  0.609291E+02  0.441031E+02
 0.533834E+02  0.661146E+02  0.416189E+02
 0.510406E+02  0.595411E+02  0.441031E+02
 0.476164E+02  0.635130E+02  0.416190E+02
 0.442062E+02  0.581544E+02  0.416190E+02
 0.492227E+02  0.566827E+02  0.441031E+02
 0.476164E+02  0.635130E+02  0.416190E+02
 0.492226E+02  0.566827E+02  0.441030E+02
 0.510407E+02  0.595412E+02  0.441032E+02
 0.476164E+02  0.635130E+02  0.416189E+02
 0.492226E+02  0.566827E+02  0.441030E+02
 0.442062E+02  0.581544E+02  0.416190E+02
 0.442062E+02  0.518455E+02  0.416190E+02
 0.492227E+02  0.533172E+02  0.441031E+02
 0.442062E+02  0.581544E+02  0.416190E+02
 0.492226E+02  0.533171E+02  0.441030E+02
 0.492227E+02  0.566827E+02  0.441031E+02
 0.442061E+02  0.581543E+02  0.416189E+02
 0.492226E+02  0.533171E+02  0.441030E+02
 0.442062E+02  0.518455E+02  0.416190E+02
 0.476164E+02  0.464869E+02  0.416190E+02
 0.510407E+02  0.504587E+02  0.441031E+02
 0.442062E+02  0.518455E+02  0.416190E+02
 0.510406E+02  0.504586E+02  0.441030E+02
 0.492227E+02  0.533172E+02  0.441031E+02
 0.442061E+02  0.518455E+02  0.416189E+02
 0.510406E+02  0.504586E+02  0.441030E+02
 0.476164E+02  0.464869E+02  0.416190E+02
 0.533835E+02  0.438853E+02  0.416190E+02
 0.541319E+02  0.490708E+02  0.441031E+02
 0.476164E+02  0.464869E+02  0.416190E+02
 0.541319E+02  0.490708E+02  0.441030E+02
 0.510407E+02  0.504587E+02  0.441031E+02
 0.476164E+02  0.464869E+02  0.416189E+02
 0.541319E+02  0.490708E+02  0.441030E+02
 0.533835E+02  0.438853E+02  0.416190E+02
 0.597081E+02  0.447564E+02  0.416190E+02
 0.575270E+02  0.495355E+02  0.441031E+02
 0.533835E+02  0.438853E+02  0.416190E+02
 0.575270E+02  0.495354E+02  0.441030E+02
 0.541319E+02  0.490708E+02  0.441031E+02
 0.533834E+02  0.438852E+02  0.416189E+02
 0.575270E+02  0.495354E+02  0.441030E+02
 0.597081E+02  0.447564E+02  0.416190E+02
 0.644555E+02  0.489286E+02  0.416190E+02
 0.600649E+02  0.517612E+02  0.441031E+02
 0.597081E+02  0.447564E+02  0.416190E+02
 0.600648E+02  0.517611E+02  0.441030E+02
 0.575270E+02  0.495355E+02  0.441031E+02
 0.597080E+02  0.447564E+02  0.416189E+02
 0.600648E+02  0.517611E+02  0.441030E+02
 0.644555E+02  0.489286E+02  0.416190E+02
 0.662685E+02  0.549999E+02  0.416190E+02
 0.610294E+02  0.550000E+02  0.441031E+02
 0.644555E+02  0.489286E+02  0.416190E+02
 0.610293E+02  0.550000E+02  0.441030E+02
 0.600649E+02  0.517612E+02  0.441031E+02
 0.644554E+02  0.489286E+02  0.416189E+02
 0.610293E+02  0.550000E+02  0.441030E+02
 0.610294E+02  0.550000E+02  0.441031E+02
 0.600649E+02  0.582387E+02  0.441031E+02
 0.550000E+02  0.550000E+02  0.449999E+02
 0.610294E+02  0.550000E+02  0.441031E+02
 0.600649E+02  0.582387E+02  0.441031E+02
 0.575270E+02  0.604644E+02  0.441031E+02
 0.550000E+02  0.550000E+02  0.449999E+02
 0.600649E+02  0.582387E+02  0.441031E+02
 0.575270E+02  0.604644E+02  0.441031E+02
 0.541319E+02  0.609291E+02  0.441031E+02
 0.550000E+02  0.550000E+02  0.449999E+02
 0.575270E+02  0.604644E+02  0.441031E+02
 0.541319E+02  0.609291E+02  0.441031E+02
 0.510407E+02  0.595412E+02  0.441032E+02
 0.550000E+02  0.550000E+02  0.449999E+02
 0.541319E+02  0.609291E+02  0.441031E+02
 0.510407E+02  0.595412E+02  0.441032E+02
 0.492227E+02  0.566827E+02  0.441031E+02
 0.550000E+02  0.550000E+02  0.449999E+02
 0.510407E+02  0.595412E+02  0.441032E+02
 0.492227E+02  0.566827E+02  0.441031E+02
 0.492227E+02  0.533172E+02  0.441031E+02
 0.550000E+02  0.550000E+02  0.449999E+02
 0.492227E+02  0.566827E+02  0.441031E+02
 0.492227E+02  0.533172E+02  0.441031E+02
 0.510407E+02  0.504587E+02  0.441031E+02
 0.550000E+02  0.550000E+02  0.449999E+02
 0.492227E+02  0.533172E+02  0.441031E+02
 0.510407E+02  0.504587E+02  0.441031E+02
 0.541319E+02  0.490708E+02  0.441031E+02
 0.549999E+02  0.549999E+02  0.449999E+02
 0.510407E+02  0.504587E+02  0.441031E+02
 0.549999E+02  0.549999E+02  0.449999E+02
 0.550000E+02  0.550000E+02  0.449999E+02
 0.510406E+02  0.504586E+02  0.441030E+02
 0.549999E+02  0.549999E+02  0.449999E+02
 0.541319E+02  0.490708E+02  0.441031E+02
 0.575270E+02  0.495355E+02  0.441031E+02
 0.550000E+02  0.550000E+02  0.449999E+02
 0.541319E+02  0.490708E+02  0.441031E+02
 0.550000E+02  0.550000E+02  0.449999E+02
 0.549999E+02  0.549999E+02  0.449999E+02
 0.541319E+02  0.490708E+02  0.441030E+02
 0.550000E+02  0.550000E+02  0.449999E+02
 0.575270E+02  0.495355E+02  0.441031E+02
 0.600649E+02  0.517612E+02  0.441031E+02
 0.549999E+02  0.549999E+02  0.449999E+02
 0.575270E+02  0.495355E+02  0.441031E+02
 0.549999E+02  0.549999E+02  0.449999E+02
 0.550000E+02  0.550000E+02  0.449999E+02
 0.575270E+02  0.495354E+02  0.441030E+02
 0.549999E+02  0.549999E+02  0.449999E+02
 0.600649E+02  0.517612E+02  0.441031E+02
 0.610294E+02  0.550000E+02  0.441031E+02
 0.550000E+02  0.550000E+02  0.449999E+02
 0.600649E+02  0.517612E+02  0.441031E+02
 0.550000E+02  0.550000E+02  0.449999E+02
 0.549999E+02  0.549999E+02  0.449999E+02
 0.600648E+02  0.517611E+02  0.441030E+02
 0.550000E+02  0.550000E+02  0.449999E+02

